datetime,stationA,stationB,total,Available
2024-01-29 00:00:00,18,16,34,34.0
2024-01-29 01:00:00,22,18,40,40.0
2024-01-29 02:00:00,22,20,42,42.0
2024-01-29 03:00:00,22,20,42,42.0
2024-01-29 04:00:00,22,20,42,42.0
2024-01-29 05:00:00,22,18,40,40.0
2024-01-29 06:00:00,22,18,40,40.0
2024-01-29 07:00:00,18,16,34,34.0
2024-01-29 08:00:00,16,10,26,26.0
2024-01-29 09:00:00,6,10,16,16.0
2024-01-29 10:00:00,12,12,24,24.0
2024-01-29 11:00:00,10,12,22,22.0
2024-01-29 12:00:00,8,14,22,22.0
2024-01-29 13:00:00,10,20,30,30.0
2024-01-29 14:00:00,32,18,50,50.0
2024-01-29 15:00:00,16,20,36,36.0
2024-01-29 16:00:00,12,10,22,22.0
2024-01-29 17:00:00,14,10,24,24.0
2024-01-29 18:00:00,12,4,16,16.0
2024-01-29 19:00:00,10,6,16,16.0
2024-01-29 20:00:00,8,12,20,20.0
2024-01-29 21:00:00,16,14,30,30.0
2024-01-29 22:00:00,16,14,30,30.0
2024-01-29 23:00:00,12,10,22,22.0
2024-01-30 00:00:00,16,12,28,28.0
2024-01-30 01:00:00,16,12,28,28.0
2024-01-30 02:00:00,18,18,36,36.0
2024-01-30 03:00:00,18,18,36,36.0
2024-01-30 04:00:00,20,20,40,40.0
2024-01-30 05:00:00,20,20,40,40.0
2024-01-30 06:00:00,20,20,40,40.0
2024-01-30 07:00:00,12,16,28,28.0
2024-01-30 08:00:00,8,12,20,20.0
2024-01-30 09:00:00,8,2,10,10.0
2024-01-30 10:00:00,12,10,22,22.0
2024-01-30 11:00:00,12,10,22,22.0
2024-01-30 12:00:00,12,14,26,26.0
2024-01-30 13:00:00,30,18,48,48.0
2024-01-30 14:00:00,10,16,26,26.0
2024-01-30 15:00:00,14,14,28,28.0
2024-01-30 16:00:00,14,14,28,28.0
2024-01-30 17:00:00,12,14,26,26.0
2024-01-30 18:00:00,6,14,20,20.0
2024-01-30 19:00:00,20,12,32,32.0
2024-01-30 20:00:00,10,14,24,24.0
2024-01-30 21:00:00,14,18,32,32.0
2024-01-30 22:00:00,12,16,28,28.0
2024-01-30 23:00:00,2,12,14,14.0
2024-01-31 00:00:00,4,12,16,16.0
2024-01-31 01:00:00,10,18,28,28.0
2024-01-31 02:00:00,16,20,36,36.0
2024-01-31 03:00:00,18,18,36,36.0
2024-01-31 04:00:00,20,18,38,38.0
2024-01-31 05:00:00,20,20,40,40.0
2024-01-31 06:00:00,22,18,40,40.0
2024-01-31 07:00:00,18,16,34,34.0
2024-01-31 08:00:00,12,16,28,28.0
2024-01-31 09:00:00,0,10,10,10.0
2024-01-31 10:00:00,0,14,14,14.0
2024-01-31 11:00:00,6,12,18,18.0
2024-01-31 12:00:00,10,14,24,24.0
2024-01-31 13:00:00,14,18,32,32.0
2024-01-31 14:00:00,12,18,30,30.0
2024-01-31 15:00:00,34,18,52,52.0
2024-01-31 16:00:00,12,12,24,24.0
2024-01-31 17:00:00,10,14,24,24.0
2024-01-31 18:00:00,12,10,22,22.0
2024-01-31 19:00:00,14,6,20,20.0
2024-01-31 20:00:00,12,14,26,26.0
2024-01-31 21:00:00,12,12,24,24.0
2024-01-31 22:00:00,14,6,20,20.0
2024-01-31 23:00:00,6,10,16,16.0
2024-02-01 00:00:00,6,8,14,14.0
2024-02-01 01:00:00,16,10,26,26.0
2024-02-01 02:00:00,18,12,30,30.0
2024-02-01 03:00:00,20,14,34,34.0
2024-02-01 04:00:00,18,18,36,36.0
2024-02-01 05:00:00,20,16,36,36.0
2024-02-01 06:00:00,18,20,38,38.0
2024-02-01 07:00:00,10,16,26,26.0
2024-02-01 08:00:00,6,8,14,14.0
2024-02-01 09:00:00,0,4,4,4.0
2024-02-01 10:00:00,8,10,18,18.0
2024-02-01 11:00:00,8,10,18,18.0
2024-02-01 12:00:00,6,14,20,20.0
2024-02-01 13:00:00,14,16,30,30.0
2024-02-01 14:00:00,16,20,36,36.0
2024-02-01 15:00:00,8,16,24,24.0
2024-02-01 16:00:00,14,18,32,32.0
2024-02-01 17:00:00,14,14,28,28.0
2024-02-01 18:00:00,8,14,22,22.0
2024-02-01 19:00:00,10,4,14,14.0
2024-02-01 20:00:00,4,6,10,10.0
2024-02-01 21:00:00,14,12,26,26.0
2024-02-01 22:00:00,10,12,22,22.0
2024-02-01 23:00:00,6,6,12,12.0
2024-02-02 00:00:00,6,6,12,12.0
2024-02-02 01:00:00,6,12,18,18.0
2024-02-02 02:00:00,16,12,28,28.0
2024-02-02 03:00:00,16,12,28,28.0
2024-02-02 04:00:00,16,18,34,34.0
2024-02-02 05:00:00,16,18,34,34.0
2024-02-02 06:00:00,16,20,36,36.0
2024-02-02 07:00:00,12,16,28,28.0
2024-02-02 08:00:00,8,10,18,18.0
2024-02-02 09:00:00,10,10,20,20.0
2024-02-02 10:00:00,12,12,24,24.0
2024-02-02 11:00:00,10,10,20,20.0
2024-02-02 12:00:00,12,16,28,28.0
2024-02-02 13:00:00,26,14,40,40.0
2024-02-02 14:00:00,16,12,28,28.0
2024-02-02 15:00:00,16,12,28,28.0
2024-02-02 16:00:00,12,10,22,22.0
2024-02-02 17:00:00,14,8,22,22.0
2024-02-02 18:00:00,12,6,18,18.0
2024-02-02 19:00:00,0,16,16,16.0
2024-02-02 20:00:00,14,0,14,14.0
2024-02-02 21:00:00,14,2,16,16.0
2024-02-02 22:00:00,12,12,24,24.0
2024-02-02 23:00:00,6,10,16,16.0
2024-02-03 00:00:00,6,14,20,20.0
2024-02-03 01:00:00,26,16,42,42.0
2024-02-03 02:00:00,12,18,30,30.0
2024-02-03 03:00:00,12,18,30,30.0
2024-02-03 04:00:00,12,18,30,30.0
2024-02-03 05:00:00,14,18,32,32.0
2024-02-03 06:00:00,14,18,32,32.0
2024-02-03 07:00:00,14,18,32,32.0
2024-02-03 08:00:00,14,22,36,36.0
2024-02-03 09:00:00,12,18,30,30.0
2024-02-03 10:00:00,12,14,26,26.0
2024-02-03 11:00:00,8,10,18,18.0
2024-02-03 12:00:00,6,14,20,20.0
2024-02-03 13:00:00,14,14,28,28.0
2024-02-03 14:00:00,10,8,18,18.0
2024-02-03 15:00:00,10,8,18,18.0
2024-02-03 16:00:00,20,8,28,28.0
2024-02-03 17:00:00,20,10,30,30.0
2024-02-03 18:00:00,26,10,36,36.0
2024-02-03 19:00:00,32,10,42,42.0
2024-02-03 20:00:00,14,14,28,28.0
2024-02-03 21:00:00,14,14,28,28.0
2024-02-03 22:00:00,10,12,22,22.0
2024-02-03 23:00:00,12,20,32,32.0
2024-02-04 00:00:00,14,18,32,32.0
2024-02-04 01:00:00,16,16,32,32.0
2024-02-04 02:00:00,14,16,30,30.0
2024-02-04 03:00:00,14,18,32,32.0
2024-02-04 04:00:00,16,18,34,34.0
2024-02-04 05:00:00,18,18,36,36.0
2024-02-04 06:00:00,16,16,32,32.0
2024-02-04 07:00:00,16,14,30,30.0
2024-02-04 08:00:00,14,12,26,26.0
2024-02-04 09:00:00,12,14,26,26.0
2024-02-04 10:00:00,10,14,24,24.0
2024-02-04 11:00:00,14,12,26,26.0
2024-02-04 12:00:00,10,14,24,24.0
2024-02-04 13:00:00,8,16,24,24.0
2024-02-04 14:00:00,2,14,16,16.0
2024-02-04 15:00:00,0,12,12,12.0
2024-02-04 16:00:00,10,8,18,18.0
2024-02-04 17:00:00,10,10,20,20.0
2024-02-04 18:00:00,14,14,28,28.0
2024-02-04 19:00:00,14,14,28,28.0
2024-02-04 20:00:00,6,14,20,20.0
2024-02-04 21:00:00,4,12,16,16.0
2024-02-04 22:00:00,6,10,16,16.0
2024-02-04 23:00:00,6,12,18,18.0
2024-02-05 00:00:00,8,12,20,20.0
2024-02-05 01:00:00,12,16,28,28.0
2024-02-05 02:00:00,12,16,28,28.0
2024-02-05 03:00:00,14,18,32,32.0
2024-02-05 04:00:00,14,18,32,32.0
2024-02-05 05:00:00,14,18,32,32.0
2024-02-05 06:00:00,14,16,30,30.0
2024-02-05 07:00:00,14,12,26,26.0
2024-02-05 08:00:00,10,8,18,18.0
2024-02-05 09:00:00,4,4,8,8.0
2024-02-05 10:00:00,4,4,8,8.0
2024-02-05 11:00:00,14,14,28,28.0
2024-02-05 12:00:00,18,10,28,28.0
2024-02-05 13:00:00,6,14,20,20.0
2024-02-05 14:00:00,4,0,4,4.0
2024-02-05 15:00:00,12,6,18,18.0
2024-02-05 16:00:00,12,12,24,24.0
2024-02-05 17:00:00,8,8,16,16.0
2024-02-05 18:00:00,4,10,14,14.0
2024-02-05 19:00:00,4,12,16,16.0
2024-02-05 20:00:00,6,12,18,18.0
2024-02-05 21:00:00,10,12,22,22.0
2024-02-05 22:00:00,12,16,28,28.0
2024-02-05 23:00:00,22,16,38,38.0
2024-02-06 00:00:00,22,14,36,36.0
2024-02-06 01:00:00,14,14,28,28.0
2024-02-06 02:00:00,20,14,34,34.0
2024-02-06 03:00:00,32,16,48,48.0
2024-02-06 04:00:00,14,16,30,30.0
2024-02-06 05:00:00,16,18,34,34.0
2024-02-06 06:00:00,36,18,54,54.0
2024-02-06 07:00:00,34,12,46,46.0
2024-02-06 08:00:00,10,8,18,18.0
2024-02-06 09:00:00,0,0,0,0.0
2024-02-06 10:00:00,2,14,16,16.0
2024-02-06 11:00:00,2,18,20,20.0
2024-02-06 12:00:00,14,18,32,32.0
2024-02-06 13:00:00,8,8,16,16.0
2024-02-06 14:00:00,8,8,16,16.0
2024-02-06 15:00:00,12,16,28,28.0
2024-02-06 16:00:00,14,8,22,22.0
2024-02-06 17:00:00,14,10,24,24.0
2024-02-06 18:00:00,12,10,22,22.0
2024-02-06 19:00:00,12,6,18,18.0
2024-02-06 20:00:00,4,6,10,10.0
2024-02-06 21:00:00,10,10,20,20.0
2024-02-06 22:00:00,4,8,12,12.0
2024-02-06 23:00:00,2,10,12,12.0
2024-02-07 00:00:00,8,14,22,22.0
2024-02-07 01:00:00,14,20,34,34.0
2024-02-07 02:00:00,18,20,38,38.0
2024-02-07 03:00:00,20,20,40,40.0
2024-02-07 04:00:00,20,20,40,40.0
2024-02-07 05:00:00,22,18,40,40.0
2024-02-07 06:00:00,22,18,40,40.0
2024-02-07 07:00:00,14,20,34,34.0
2024-02-07 08:00:00,14,16,30,30.0
2024-02-07 09:00:00,10,6,16,16.0
2024-02-07 10:00:00,12,12,24,24.0
2024-02-07 11:00:00,16,20,36,36.0
2024-02-07 12:00:00,14,18,32,32.0
2024-02-07 13:00:00,28,14,42,42.0
2024-02-07 14:00:00,26,14,40,40.0
2024-02-07 15:00:00,14,20,34,34.0
2024-02-07 16:00:00,16,20,36,36.0
2024-02-07 17:00:00,22,20,42,42.0
2024-02-07 18:00:00,18,24,42,42.0
2024-02-07 19:00:00,16,18,34,34.0
2024-02-07 20:00:00,32,18,50,50.0
2024-02-07 21:00:00,16,14,30,30.0
2024-02-07 22:00:00,14,16,30,30.0
2024-02-07 23:00:00,16,18,34,34.0
2024-02-08 00:00:00,18,20,38,38.0
2024-02-08 01:00:00,18,20,38,38.0
2024-02-08 02:00:00,22,20,42,42.0
2024-02-08 03:00:00,22,20,42,42.0
2024-02-08 04:00:00,24,20,44,44.0
2024-02-08 05:00:00,24,20,44,44.0
2024-02-08 06:00:00,24,20,44,44.0
2024-02-08 07:00:00,42,20,62,62.0
2024-02-08 08:00:00,24,22,46,46.0
2024-02-08 09:00:00,12,22,34,34.0
2024-02-08 10:00:00,14,20,34,34.0
2024-02-08 11:00:00,16,20,36,36.0
2024-02-08 12:00:00,18,20,38,38.0
2024-02-08 13:00:00,14,20,34,34.0
2024-02-08 14:00:00,38,20,58,58.0
2024-02-08 15:00:00,14,18,32,32.0
2024-02-08 16:00:00,12,20,32,32.0
2024-02-08 17:00:00,20,16,36,36.0
2024-02-08 18:00:00,20,16,36,36.0
2024-02-08 19:00:00,18,22,40,40.0
2024-02-08 20:00:00,18,22,40,40.0
2024-02-08 21:00:00,18,20,38,38.0
2024-02-08 22:00:00,38,20,58,58.0
2024-02-08 23:00:00,24,22,46,46.0
2024-02-09 00:00:00,24,22,46,46.0
2024-02-09 01:00:00,24,22,46,46.0
2024-02-09 02:00:00,24,22,46,46.0
2024-02-09 03:00:00,24,22,46,46.0
2024-02-09 04:00:00,24,22,46,46.0
2024-02-09 05:00:00,24,22,46,46.0
2024-02-09 06:00:00,22,22,44,44.0
2024-02-09 07:00:00,22,22,44,44.0
2024-02-09 08:00:00,22,22,44,44.0
2024-02-09 09:00:00,20,22,42,42.0
2024-02-09 10:00:00,22,22,44,44.0
2024-02-09 11:00:00,24,18,42,42.0
2024-02-09 12:00:00,22,18,40,40.0
2024-02-09 13:00:00,22,16,38,38.0
2024-02-09 14:00:00,20,16,36,36.0
2024-02-09 15:00:00,22,18,40,40.0
2024-02-09 16:00:00,18,16,34,34.0
2024-02-09 17:00:00,20,18,38,38.0
2024-02-09 18:00:00,20,20,40,40.0
2024-02-09 19:00:00,22,20,42,42.0
2024-02-09 20:00:00,24,20,44,44.0
2024-02-09 21:00:00,24,22,46,46.0
2024-02-09 22:00:00,20,22,42,42.0
2024-02-09 23:00:00,42,22,64,64.0
2024-02-10 00:00:00,20,22,42,42.0
2024-02-10 01:00:00,46,22,68,68.0
2024-02-10 02:00:00,46,22,68,68.0
2024-02-10 03:00:00,24,22,46,46.0
2024-02-10 04:00:00,46,22,68,68.0
2024-02-10 05:00:00,24,22,46,46.0
2024-02-10 06:00:00,22,22,44,44.0
2024-02-10 07:00:00,18,22,40,40.0
2024-02-10 08:00:00,20,22,42,42.0
2024-02-10 09:00:00,20,22,42,42.0
2024-02-10 10:00:00,20,22,42,42.0
2024-02-10 11:00:00,16,22,38,38.0
2024-02-10 12:00:00,22,20,42,42.0
2024-02-10 13:00:00,18,18,36,36.0
2024-02-10 14:00:00,20,16,36,36.0
2024-02-10 15:00:00,22,16,38,38.0
2024-02-10 16:00:00,22,16,38,38.0
2024-02-10 17:00:00,20,20,40,40.0
2024-02-10 18:00:00,20,16,36,36.0
2024-02-10 19:00:00,20,18,38,38.0
2024-02-10 20:00:00,22,20,42,42.0
2024-02-10 21:00:00,22,18,40,40.0
2024-02-10 22:00:00,22,16,38,38.0
2024-02-10 23:00:00,20,16,36,36.0
2024-02-11 00:00:00,22,16,38,38.0
2024-02-11 01:00:00,22,18,40,40.0
2024-02-11 02:00:00,22,22,44,44.0
2024-02-11 03:00:00,22,22,44,44.0
2024-02-11 04:00:00,44,22,66,66.0
2024-02-11 05:00:00,44,20,64,64.0
2024-02-11 06:00:00,24,20,44,44.0
2024-02-11 07:00:00,24,20,44,44.0
2024-02-11 08:00:00,24,22,46,46.0
2024-02-11 09:00:00,24,22,46,46.0
2024-02-11 10:00:00,18,22,40,40.0
2024-02-11 11:00:00,14,18,32,32.0
2024-02-11 12:00:00,18,18,36,36.0
2024-02-11 13:00:00,20,18,38,38.0
2024-02-11 14:00:00,20,14,34,34.0
2024-02-11 15:00:00,20,16,36,36.0
2024-02-11 16:00:00,16,16,32,32.0
2024-02-11 17:00:00,20,20,40,40.0
2024-02-11 18:00:00,20,16,36,36.0
2024-02-11 19:00:00,16,20,36,36.0
2024-02-11 20:00:00,20,18,38,38.0
2024-02-11 21:00:00,22,20,42,42.0
2024-02-11 22:00:00,20,18,38,38.0
2024-02-11 23:00:00,18,20,38,38.0
2024-02-12 00:00:00,42,20,62,62.0
2024-02-12 01:00:00,24,22,46,46.0
2024-02-12 02:00:00,22,22,44,44.0
2024-02-12 03:00:00,22,22,44,44.0
2024-02-12 04:00:00,22,20,42,42.0
2024-02-12 05:00:00,24,22,46,46.0
2024-02-12 06:00:00,24,24,48,48.0
2024-02-12 07:00:00,24,24,48,48.0
2024-02-12 08:00:00,42,24,66,66.0
2024-02-12 09:00:00,22,18,40,40.0
2024-02-12 10:00:00,22,18,40,40.0
2024-02-12 11:00:00,22,18,40,40.0
2024-02-12 12:00:00,22,18,40,40.0
2024-02-12 13:00:00,20,16,36,36.0
2024-02-12 14:00:00,20,18,38,38.0
2024-02-12 15:00:00,40,18,58,58.0
2024-02-12 16:00:00,24,18,42,42.0
2024-02-12 17:00:00,20,20,40,40.0
2024-02-12 18:00:00,22,22,44,44.0
2024-02-12 19:00:00,20,20,40,40.0
2024-02-12 20:00:00,20,22,42,42.0
2024-02-12 21:00:00,20,22,42,42.0
2024-02-12 22:00:00,20,20,40,40.0
2024-02-12 23:00:00,20,20,40,40.0
2024-02-13 00:00:00,20,18,38,38.0
2024-02-13 01:00:00,20,20,40,40.0
2024-02-13 02:00:00,20,22,42,42.0
2024-02-13 03:00:00,18,22,40,40.0
2024-02-13 04:00:00,20,22,42,42.0
2024-02-13 05:00:00,22,22,44,44.0
2024-02-13 06:00:00,22,22,44,44.0
2024-02-13 07:00:00,20,22,42,42.0
2024-02-13 08:00:00,20,20,40,40.0
2024-02-13 09:00:00,22,16,38,38.0
2024-02-13 10:00:00,22,16,38,38.0
2024-02-13 11:00:00,22,18,40,40.0
2024-02-13 12:00:00,22,18,40,40.0
2024-02-13 13:00:00,18,22,40,40.0
2024-02-13 14:00:00,20,22,42,42.0
2024-02-13 15:00:00,22,20,42,42.0
2024-02-13 16:00:00,20,20,40,40.0
2024-02-13 17:00:00,18,18,36,36.0
2024-02-13 18:00:00,18,18,36,36.0
2024-02-13 19:00:00,16,12,28,28.0
2024-02-13 20:00:00,14,14,28,28.0
2024-02-13 21:00:00,10,16,26,26.0
2024-02-13 22:00:00,12,16,28,28.0
2024-02-13 23:00:00,28,16,44,44.0
2024-02-14 00:00:00,12,18,30,30.0
2024-02-14 01:00:00,36,18,54,54.0
2024-02-14 02:00:00,36,18,54,54.0
2024-02-14 03:00:00,18,20,38,38.0
2024-02-14 04:00:00,18,20,38,38.0
2024-02-14 05:00:00,20,20,40,40.0
2024-02-14 06:00:00,18,20,38,38.0
2024-02-14 07:00:00,18,20,38,38.0
2024-02-14 08:00:00,20,20,40,40.0
2024-02-14 09:00:00,20,20,40,40.0
2024-02-14 10:00:00,16,18,34,34.0
2024-02-14 11:00:00,6,16,22,22.0
2024-02-14 12:00:00,12,14,26,26.0
2024-02-14 13:00:00,14,14,28,28.0
2024-02-14 14:00:00,14,14,28,28.0
2024-02-14 15:00:00,10,16,26,26.0
2024-02-14 16:00:00,14,16,30,30.0
2024-02-14 17:00:00,12,10,22,22.0
2024-02-14 18:00:00,24,10,34,34.0
2024-02-14 19:00:00,14,12,26,26.0
2024-02-14 20:00:00,0,14,14,14.0
2024-02-14 21:00:00,18,18,36,36.0
2024-02-14 22:00:00,20,18,38,38.0
2024-02-14 23:00:00,38,18,56,56.0
2024-02-15 00:00:00,38,22,60,60.0
2024-02-15 01:00:00,38,22,60,60.0
2024-02-15 02:00:00,18,22,40,40.0
2024-02-15 03:00:00,18,20,38,38.0
2024-02-15 04:00:00,18,20,38,38.0
2024-02-15 05:00:00,22,22,44,44.0
2024-02-15 06:00:00,22,22,44,44.0
2024-02-15 07:00:00,18,24,42,42.0
2024-02-15 08:00:00,22,22,44,44.0
2024-02-15 09:00:00,8,8,16,16.0
2024-02-15 10:00:00,22,8,30,30.0
2024-02-15 11:00:00,16,16,32,32.0
2024-02-15 12:00:00,18,22,40,40.0
2024-02-15 13:00:00,16,14,30,30.0
2024-02-15 14:00:00,12,16,28,28.0
2024-02-15 15:00:00,14,16,30,30.0
2024-02-15 16:00:00,12,14,26,26.0
2024-02-15 17:00:00,8,20,28,28.0
2024-02-15 18:00:00,6,16,22,22.0
2024-02-15 19:00:00,6,16,22,22.0
2024-02-15 20:00:00,16,18,34,34.0
2024-02-15 21:00:00,12,10,22,22.0
2024-02-15 22:00:00,10,10,20,20.0
2024-02-15 23:00:00,12,12,24,24.0
2024-02-16 00:00:00,12,10,22,22.0
2024-02-16 01:00:00,14,16,30,30.0
2024-02-16 02:00:00,14,16,30,30.0
2024-02-16 03:00:00,16,14,30,30.0
2024-02-16 04:00:00,18,16,34,34.0
2024-02-16 05:00:00,16,18,34,34.0
2024-02-16 06:00:00,18,16,34,34.0
2024-02-16 07:00:00,14,18,32,32.0
2024-02-16 08:00:00,14,12,26,26.0
2024-02-16 09:00:00,12,16,28,28.0
2024-02-16 10:00:00,8,14,22,22.0
2024-02-16 11:00:00,4,16,20,20.0
2024-02-16 12:00:00,10,14,24,24.0
2024-02-16 13:00:00,14,14,28,28.0
2024-02-16 14:00:00,12,12,24,24.0
2024-02-16 15:00:00,14,18,32,32.0
2024-02-16 16:00:00,14,10,24,24.0
2024-02-16 17:00:00,10,16,26,26.0
2024-02-16 18:00:00,4,16,20,20.0
2024-02-16 19:00:00,8,12,20,20.0
2024-02-16 20:00:00,14,14,28,28.0
2024-02-16 21:00:00,18,16,34,34.0
2024-02-16 22:00:00,12,6,18,18.0
2024-02-16 23:00:00,10,10,20,20.0
2024-02-17 00:00:00,12,14,26,26.0
2024-02-17 01:00:00,12,20,32,32.0
2024-02-17 02:00:00,14,20,34,34.0
2024-02-17 03:00:00,16,20,36,36.0
2024-02-17 04:00:00,18,20,38,38.0
2024-02-17 05:00:00,18,18,36,36.0
2024-02-17 06:00:00,18,20,38,38.0
2024-02-17 07:00:00,14,18,32,32.0
2024-02-17 08:00:00,12,12,24,24.0
2024-02-17 09:00:00,6,12,18,18.0
2024-02-17 10:00:00,4,8,12,12.0
2024-02-17 11:00:00,8,16,24,24.0
2024-02-17 12:00:00,14,18,32,32.0
2024-02-17 13:00:00,8,16,24,24.0
2024-02-17 14:00:00,8,16,24,24.0
2024-02-17 15:00:00,12,16,28,28.0
2024-02-17 16:00:00,0,18,18,18.0
2024-02-17 17:00:00,12,18,30,30.0
2024-02-17 18:00:00,10,18,28,28.0
2024-02-17 19:00:00,10,14,24,24.0
2024-02-17 20:00:00,16,22,38,38.0
2024-02-17 21:00:00,10,24,34,34.0
2024-02-17 22:00:00,8,14,22,22.0
2024-02-17 23:00:00,8,8,16,16.0
2024-02-18 00:00:00,12,8,20,20.0
2024-02-18 01:00:00,12,10,22,22.0
2024-02-18 02:00:00,14,16,30,30.0
2024-02-18 03:00:00,14,20,34,34.0
2024-02-18 04:00:00,18,24,42,42.0
2024-02-18 05:00:00,18,24,42,42.0
2024-02-18 06:00:00,18,24,42,42.0
2024-02-18 07:00:00,16,24,40,40.0
2024-02-18 08:00:00,16,22,38,38.0
2024-02-18 09:00:00,10,18,28,28.0
2024-02-18 10:00:00,8,18,26,26.0
2024-02-18 11:00:00,6,18,24,24.0
2024-02-18 12:00:00,12,18,30,30.0
2024-02-18 13:00:00,14,20,34,34.0
2024-02-18 14:00:00,8,18,26,26.0
2024-02-18 15:00:00,8,18,26,26.0
2024-02-18 16:00:00,12,16,28,28.0
2024-02-18 17:00:00,12,8,20,20.0
2024-02-18 18:00:00,2,10,12,12.0
2024-02-18 19:00:00,14,6,20,20.0
2024-02-18 20:00:00,10,12,22,22.0
2024-02-18 21:00:00,8,20,28,28.0
2024-02-18 22:00:00,10,16,26,26.0
2024-02-18 23:00:00,8,12,20,20.0
2024-02-19 00:00:00,6,14,20,20.0
2024-02-19 01:00:00,10,14,24,24.0
2024-02-19 02:00:00,14,20,34,34.0
2024-02-19 03:00:00,16,24,40,40.0
2024-02-19 04:00:00,16,24,40,40.0
2024-02-19 05:00:00,16,24,40,40.0
2024-02-19 06:00:00,16,24,40,40.0
2024-02-19 07:00:00,10,22,32,32.0
2024-02-19 08:00:00,4,12,16,16.0
2024-02-19 09:00:00,0,6,6,6.0
2024-02-19 10:00:00,2,12,14,14.0
2024-02-19 11:00:00,4,16,20,20.0
2024-02-19 12:00:00,10,18,28,28.0
2024-02-19 13:00:00,4,18,22,22.0
2024-02-19 14:00:00,6,22,28,28.0
2024-02-19 15:00:00,6,22,28,28.0
2024-02-19 16:00:00,4,20,24,24.0
2024-02-19 17:00:00,8,18,26,26.0
2024-02-19 18:00:00,6,14,20,20.0
2024-02-19 19:00:00,2,12,14,14.0
2024-02-19 20:00:00,2,10,12,12.0
2024-02-19 21:00:00,2,20,22,22.0
2024-02-19 22:00:00,10,20,30,30.0
2024-02-19 23:00:00,8,22,30,30.0
2024-02-20 00:00:00,12,24,36,36.0
2024-02-20 01:00:00,14,22,36,36.0
2024-02-20 02:00:00,16,22,38,38.0
2024-02-20 03:00:00,10,24,34,34.0
2024-02-20 04:00:00,12,24,36,36.0
2024-02-20 05:00:00,14,24,38,38.0
2024-02-20 06:00:00,16,24,40,40.0
2024-02-20 07:00:00,10,22,32,32.0
2024-02-20 08:00:00,0,14,14,14.0
2024-02-20 09:00:00,8,0,8,8.0
2024-02-20 10:00:00,0,14,14,14.0
2024-02-20 11:00:00,8,18,26,26.0
2024-02-20 12:00:00,6,22,28,28.0
2024-02-20 13:00:00,2,20,22,22.0
2024-02-20 14:00:00,4,20,24,24.0
2024-02-20 15:00:00,0,18,18,18.0
2024-02-20 16:00:00,4,14,18,18.0
2024-02-20 17:00:00,6,14,20,20.0
2024-02-20 18:00:00,0,12,12,12.0
2024-02-20 19:00:00,2,12,14,14.0
2024-02-20 20:00:00,6,14,20,20.0
2024-02-20 21:00:00,4,16,20,20.0
2024-02-20 22:00:00,4,14,18,18.0
2024-02-20 23:00:00,6,20,26,26.0
2024-02-21 00:00:00,6,22,28,28.0
2024-02-21 01:00:00,8,24,32,32.0
2024-02-21 02:00:00,14,22,36,36.0
2024-02-21 03:00:00,16,22,38,38.0
2024-02-21 04:00:00,16,24,40,40.0
2024-02-21 05:00:00,14,24,38,38.0
2024-02-21 06:00:00,14,22,36,36.0
2024-02-21 07:00:00,12,22,34,34.0
2024-02-21 08:00:00,4,18,22,22.0
2024-02-21 09:00:00,2,6,8,8.0
2024-02-21 10:00:00,2,14,16,16.0
2024-02-21 11:00:00,0,12,12,12.0
2024-02-21 12:00:00,4,20,24,24.0
2024-02-21 13:00:00,14,18,32,32.0
2024-02-21 14:00:00,6,20,26,26.0
2024-02-21 15:00:00,10,22,32,32.0
2024-02-21 16:00:00,12,22,34,34.0
2024-02-21 17:00:00,8,18,26,26.0
2024-02-21 18:00:00,8,18,26,26.0
2024-02-21 19:00:00,6,16,22,22.0
2024-02-21 20:00:00,4,18,22,22.0
2024-02-21 21:00:00,6,16,22,22.0
2024-02-21 22:00:00,4,18,22,22.0
2024-02-21 23:00:00,4,18,22,22.0
2024-02-22 00:00:00,8,16,24,24.0
2024-02-22 01:00:00,10,18,28,28.0
2024-02-22 02:00:00,14,24,38,38.0
2024-02-22 03:00:00,16,24,40,40.0
2024-02-22 04:00:00,16,24,40,40.0
2024-02-22 05:00:00,16,24,40,40.0
2024-02-22 06:00:00,16,22,38,38.0
2024-02-22 07:00:00,12,20,32,32.0
2024-02-22 08:00:00,6,12,18,18.0
2024-02-22 09:00:00,0,6,6,6.0
2024-02-22 10:00:00,4,12,16,16.0
2024-02-22 11:00:00,2,18,20,20.0
2024-02-22 12:00:00,8,14,22,22.0
2024-02-22 13:00:00,2,22,24,24.0
2024-02-22 14:00:00,4,16,20,20.0
2024-02-22 15:00:00,6,16,22,22.0
2024-02-22 16:00:00,6,16,22,22.0
2024-02-22 17:00:00,4,20,24,24.0
2024-02-22 18:00:00,2,14,16,16.0
2024-02-22 19:00:00,6,10,16,16.0
2024-02-22 20:00:00,2,12,14,14.0
2024-02-22 21:00:00,2,12,14,14.0
2024-02-22 22:00:00,4,14,18,18.0
2024-02-22 23:00:00,6,14,20,20.0
2024-02-23 00:00:00,6,18,24,24.0
2024-02-23 01:00:00,8,16,24,24.0
2024-02-23 02:00:00,10,16,26,26.0
2024-02-23 03:00:00,10,18,28,28.0
2024-02-23 04:00:00,12,20,32,32.0
2024-02-23 05:00:00,12,22,34,34.0
2024-02-23 06:00:00,10,24,34,34.0
2024-02-23 07:00:00,6,22,28,28.0
2024-02-23 08:00:00,2,16,18,18.0
2024-02-23 09:00:00,2,4,6,6.0
2024-02-23 10:00:00,8,12,20,20.0
2024-02-23 11:00:00,4,14,18,18.0
2024-02-23 12:00:00,8,18,26,26.0
2024-02-23 13:00:00,6,22,28,28.0
2024-02-23 14:00:00,8,24,32,32.0
2024-02-23 15:00:00,8,16,24,24.0
2024-02-23 16:00:00,8,14,22,22.0
2024-02-23 17:00:00,10,16,26,26.0
2024-02-23 18:00:00,2,2,4,4.0
2024-02-23 19:00:00,2,10,12,12.0
2024-02-23 20:00:00,6,12,18,18.0
2024-02-23 21:00:00,8,16,24,24.0
2024-02-23 22:00:00,10,14,24,24.0
2024-02-23 23:00:00,6,18,24,24.0
2024-02-24 00:00:00,6,20,26,26.0
2024-02-24 01:00:00,6,18,24,24.0
2024-02-24 02:00:00,8,20,28,28.0
2024-02-24 03:00:00,12,22,34,34.0
2024-02-24 04:00:00,12,20,32,32.0
2024-02-24 05:00:00,14,22,36,36.0
2024-02-24 06:00:00,16,20,36,36.0
2024-02-24 07:00:00,14,14,28,28.0
2024-02-24 08:00:00,16,16,32,32.0
2024-02-24 09:00:00,12,16,28,28.0
2024-02-24 10:00:00,8,14,22,22.0
2024-02-24 11:00:00,4,12,16,16.0
2024-02-24 12:00:00,2,16,18,18.0
2024-02-24 13:00:00,4,10,14,14.0
2024-02-24 14:00:00,10,12,22,22.0
2024-02-24 15:00:00,12,18,30,30.0
2024-02-24 16:00:00,8,16,24,24.0
2024-02-24 17:00:00,4,16,20,20.0
2024-02-24 18:00:00,4,12,16,16.0
2024-02-24 19:00:00,0,16,16,16.0
2024-02-24 20:00:00,8,14,22,22.0
2024-02-24 21:00:00,12,12,24,24.0
2024-02-24 22:00:00,10,16,26,26.0
2024-02-24 23:00:00,10,18,28,28.0
2024-02-25 00:00:00,8,18,26,26.0
2024-02-25 01:00:00,12,20,32,32.0
2024-02-25 02:00:00,12,20,32,32.0
2024-02-25 03:00:00,16,22,38,38.0
2024-02-25 04:00:00,0,20,20,20.0
2024-02-25 05:00:00,16,22,38,38.0
2024-02-25 06:00:00,16,22,38,38.0
2024-02-25 07:00:00,16,20,36,36.0
2024-02-25 08:00:00,16,20,36,36.0
2024-02-25 09:00:00,12,20,32,32.0
2024-02-25 10:00:00,8,20,28,28.0
2024-02-25 11:00:00,6,12,18,18.0
2024-02-25 12:00:00,10,14,24,24.0
2024-02-25 13:00:00,14,20,34,34.0
2024-02-25 14:00:00,10,18,28,28.0
2024-02-25 15:00:00,10,20,30,30.0
2024-02-25 16:00:00,14,22,36,36.0
2024-02-25 17:00:00,10,18,28,28.0
2024-02-25 18:00:00,10,18,28,28.0
2024-02-25 19:00:00,8,18,26,26.0
2024-02-25 20:00:00,12,18,30,30.0
2024-02-25 21:00:00,10,20,30,30.0
2024-02-25 22:00:00,6,18,24,24.0
2024-02-25 23:00:00,8,20,28,28.0
2024-02-26 00:00:00,8,24,32,32.0
2024-02-26 01:00:00,8,24,32,32.0
2024-02-26 02:00:00,8,24,32,32.0
2024-02-26 03:00:00,8,24,32,32.0
2024-02-26 04:00:00,8,24,32,32.0
2024-02-26 05:00:00,,24,,37.0
2024-02-26 06:00:00,,,,37.0
2024-02-26 07:00:00,,,,27.0
2024-02-26 08:00:00,,,,15.0
2024-02-26 09:00:00,,,,5.0
2024-02-26 10:00:00,,,,11.0
2024-02-26 11:00:00,,,,23.0
2024-02-26 12:00:00,,,,26.0
2024-02-26 13:00:00,,,,20.0
2024-02-26 14:00:00,,,,28.0
2024-02-26 15:00:00,,,,35.0
2024-02-26 16:00:00,,,,22.0
2024-02-26 17:00:00,,,,26.0
2024-02-26 18:00:00,,,,16.0
2024-02-26 19:00:00,,,,9.0
2024-02-26 20:00:00,,,,14.0
2024-02-26 21:00:00,,,,20.0
2024-02-26 22:00:00,,,,23.0
2024-02-26 23:00:00,,,,20.0
2024-02-27 00:00:00,,,,25.0
2024-02-27 01:00:00,,,,31.0
2024-02-27 02:00:00,,,,35.0
2024-02-27 03:00:00,,,,43.0
2024-02-27 04:00:00,,,,37.0
2024-02-27 05:00:00,,,,36.0
2024-02-27 06:00:00,,,,39.0
2024-02-27 07:00:00,,,,34.0
2024-02-27 08:00:00,,,,20.0
2024-02-27 09:00:00,,,,7.0
2024-02-27 10:00:00,,,,16.0
2024-02-27 11:00:00,,,,21.0
2024-02-27 12:00:00,,,,23.0
2024-02-27 13:00:00,,,,24.0
2024-02-27 14:00:00,,,,24.0
2024-02-27 15:00:00,,,,13.0
2024-02-27 16:00:00,,,,20.0
2024-02-27 17:00:00,,,,22.0
2024-02-27 18:00:00,,,,12.0
2024-02-27 19:00:00,,,,9.0
2024-02-27 20:00:00,,,,19.0
2024-02-27 21:00:00,,,,22.0
2024-02-27 22:00:00,,,,21.0
2024-02-27 23:00:00,,,,23.0
2024-02-28 00:00:00,,,,24.0
2024-02-28 01:00:00,,,,28.0
2024-02-28 02:00:00,,,,34.0
2024-02-28 03:00:00,,,,36.0
2024-02-28 04:00:00,,,,37.0
2024-02-28 05:00:00,,,,36.0
2024-02-28 06:00:00,,,,32.0
2024-02-28 07:00:00,,,,31.0
2024-02-28 08:00:00,,,,22.0
2024-02-28 09:00:00,,,,6.0
2024-02-28 10:00:00,,,,13.0
2024-02-28 11:00:00,,,,14.0
2024-02-28 12:00:00,,,,21.0
2024-02-28 13:00:00,,,,27.0
2024-02-28 14:00:00,,,,22.0
2024-02-28 15:00:00,,,,29.0
2024-02-28 16:00:00,,,,31.0
2024-02-28 17:00:00,,,,27.0
2024-02-28 18:00:00,,,,22.0
2024-02-28 19:00:00,,,,19.0
2024-02-28 20:00:00,,,,24.0
2024-02-28 21:00:00,,,,24.0
2024-02-28 22:00:00,,,,20.0
2024-02-28 23:00:00,,,,21.0
2024-02-29 00:00:00,,,,24.0
2024-02-29 01:00:00,,,,27.0
2024-02-29 02:00:00,,,,34.0
2024-02-29 03:00:00,,,,35.0
2024-02-29 04:00:00,,,,36.0
2024-02-29 05:00:00,,,,36.0
2024-02-29 06:00:00,,,,35.0
2024-02-29 07:00:00,,,,31.0
2024-02-29 08:00:00,,,,21.0
2024-02-29 09:00:00,,,,5.0
2024-02-29 10:00:00,,,,18.0
2024-02-29 11:00:00,,,,21.0
2024-02-29 12:00:00,,,,33.0
2024-02-29 13:00:00,,,,20.0
2024-02-29 14:00:00,,,,17.0
2024-02-29 15:00:00,,,,24.0
2024-02-29 16:00:00,,,,23.0
2024-02-29 17:00:00,,,,23.0
2024-02-29 18:00:00,,,,20.0
2024-02-29 19:00:00,,,,20.0
2024-02-29 20:00:00,,,,12.0
2024-02-29 21:00:00,,,,24.0
2024-02-29 22:00:00,,,,18.0
2024-02-29 23:00:00,,,,18.0
2024-03-01 00:00:00,,,,19.0
2024-03-01 01:00:00,,,,24.0
2024-03-01 02:00:00,,,,37.0
2024-03-01 03:00:00,,,,29.0
2024-03-01 04:00:00,,,,31.0
2024-03-01 05:00:00,,,,32.0
2024-03-01 06:00:00,,,,34.0
2024-03-01 07:00:00,,,,30.0
2024-03-01 08:00:00,,,,15.0
2024-03-01 09:00:00,,,,4.0
2024-03-01 10:00:00,,,,16.0
2024-03-01 11:00:00,,,,16.0
2024-03-01 12:00:00,,,,17.0
2024-03-01 13:00:00,,,,15.0
2024-03-01 14:00:00,,,,24.0
2024-03-01 15:00:00,,,,16.0
2024-03-01 16:00:00,,,,19.0
2024-03-01 17:00:00,,,,20.0
2024-03-01 18:00:00,,,,18.0
2024-03-01 19:00:00,,,,10.0
2024-03-01 20:00:00,,,,14.0
2024-03-01 21:00:00,,,,17.0
2024-03-01 22:00:00,,,,17.0
2024-03-01 23:00:00,,,,18.0
2024-03-02 00:00:00,,,,15.0
2024-03-02 01:00:00,,,,18.0
2024-03-02 02:00:00,,,,20.0
2024-03-02 03:00:00,,,,29.0
2024-03-02 04:00:00,,,,28.0
2024-03-02 05:00:00,,,,31.0
2024-03-02 06:00:00,,,,31.0
2024-03-02 07:00:00,,,,25.0
2024-03-02 08:00:00,,,,27.0
2024-03-02 09:00:00,,,,20.0
2024-03-02 10:00:00,,,,19.0
2024-03-02 11:00:00,,,,17.0
2024-03-02 12:00:00,,,,16.0
2024-03-02 13:00:00,,,,15.0
2024-03-02 14:00:00,,,,19.0
2024-03-02 15:00:00,,,,17.0
2024-03-02 16:00:00,,,,20.0
2024-03-02 17:00:00,,,,15.0
2024-03-02 18:00:00,,,,13.0
2024-03-02 19:00:00,,,,18.0
2024-03-02 20:00:00,,,,29.0
2024-03-02 21:00:00,,,,19.0
2024-03-02 22:00:00,,,,20.0
2024-03-02 23:00:00,,,,22.0
2024-03-03 00:00:00,,,,29.0
2024-03-03 01:00:00,,,,35.0
2024-03-03 02:00:00,,,,35.0
2024-03-03 03:00:00,,,,30.0
2024-03-03 04:00:00,16,,,19.0
2024-03-03 05:00:00,16,24,40,40.0
2024-03-03 06:00:00,16,24,40,40.0
2024-03-03 07:00:00,16,24,40,40.0
2024-03-03 08:00:00,16,24,40,40.0
2024-03-03 09:00:00,16,24,40,40.0
2024-03-03 10:00:00,14,20,34,34.0
2024-03-03 11:00:00,4,16,20,20.0
2024-03-03 12:00:00,8,12,20,20.0
2024-03-03 13:00:00,10,16,26,26.0
2024-03-03 14:00:00,6,22,28,28.0
2024-03-03 15:00:00,10,22,32,32.0
2024-03-03 16:00:00,8,22,30,30.0
2024-03-03 17:00:00,10,22,32,32.0
2024-03-03 18:00:00,12,16,28,28.0
2024-03-03 19:00:00,8,14,22,22.0
2024-03-03 20:00:00,8,12,20,20.0
2024-03-03 21:00:00,8,10,18,18.0
2024-03-03 22:00:00,4,12,16,16.0
2024-03-03 23:00:00,8,18,26,26.0
2024-03-04 00:00:00,14,18,32,32.0
2024-03-04 01:00:00,10,14,24,24.0
2024-03-04 02:00:00,10,14,24,24.0
2024-03-04 03:00:00,10,18,28,28.0
2024-03-04 04:00:00,12,18,30,30.0
2024-03-04 05:00:00,12,22,34,34.0
2024-03-04 06:00:00,14,20,34,34.0
2024-03-04 07:00:00,6,16,22,22.0
2024-03-04 08:00:00,8,6,14,14.0
2024-03-04 09:00:00,0,4,4,4.0
2024-03-04 10:00:00,2,6,8,8.0
2024-03-04 11:00:00,10,16,26,26.0
2024-03-04 12:00:00,12,12,24,24.0
2024-03-04 13:00:00,6,12,18,18.0
2024-03-04 14:00:00,10,18,28,28.0
2024-03-04 15:00:00,26,16,42,42.0
2024-03-04 16:00:00,4,16,20,20.0
2024-03-04 17:00:00,6,20,26,26.0
2024-03-04 18:00:00,2,10,12,12.0
2024-03-04 19:00:00,2,2,4,4.0
2024-03-04 20:00:00,10,6,16,16.0
2024-03-04 21:00:00,4,14,18,18.0
2024-03-04 22:00:00,4,12,16,16.0
2024-03-04 23:00:00,0,10,10,10.0
2024-03-05 00:00:00,2,12,14,14.0
2024-03-05 01:00:00,8,18,26,26.0
2024-03-05 02:00:00,12,20,32,32.0
2024-03-05 03:00:00,30,22,52,52.0
2024-03-05 04:00:00,16,22,38,38.0
2024-03-05 05:00:00,12,22,34,34.0
2024-03-05 06:00:00,16,22,38,38.0
2024-03-05 07:00:00,14,22,36,36.0
2024-03-05 08:00:00,10,16,26,26.0
2024-03-05 09:00:00,0,6,6,6.0
2024-03-05 10:00:00,2,16,18,18.0
2024-03-05 11:00:00,4,12,16,16.0
2024-03-05 12:00:00,4,14,18,18.0
2024-03-05 13:00:00,14,12,26,26.0
2024-03-05 14:00:00,6,18,24,24.0
2024-03-05 15:00:00,0,8,8,8.0
2024-03-05 16:00:00,4,18,22,22.0
2024-03-05 17:00:00,4,20,24,24.0
2024-03-05 18:00:00,4,8,12,12.0
2024-03-05 19:00:00,0,4,4,4.0
2024-03-05 20:00:00,4,14,18,18.0
2024-03-05 21:00:00,4,20,24,24.0
2024-03-05 22:00:00,10,14,24,24.0
2024-03-05 23:00:00,4,16,20,20.0
2024-03-06 00:00:00,2,18,20,20.0
2024-03-06 01:00:00,2,22,24,24.0
2024-03-06 02:00:00,12,20,32,32.0
2024-03-06 03:00:00,12,22,34,34.0
2024-03-06 04:00:00,12,22,34,34.0
2024-03-06 05:00:00,14,20,34,34.0
2024-03-06 06:00:00,8,20,28,28.0
2024-03-06 07:00:00,8,20,28,28.0
2024-03-06 08:00:00,4,18,22,22.0
2024-03-06 09:00:00,4,0,4,4.0
2024-03-06 10:00:00,0,10,10,10.0
2024-03-06 11:00:00,4,12,16,16.0
2024-03-06 12:00:00,6,12,18,18.0
2024-03-06 13:00:00,8,14,22,22.0
2024-03-06 14:00:00,4,14,18,18.0
2024-03-06 15:00:00,8,18,26,26.0
2024-03-06 16:00:00,8,20,28,28.0
2024-03-06 17:00:00,10,18,28,28.0
2024-03-06 18:00:00,6,12,18,18.0
2024-03-06 19:00:00,8,8,16,16.0
2024-03-06 20:00:00,12,14,26,26.0
2024-03-06 21:00:00,8,18,26,26.0
2024-03-06 22:00:00,8,10,18,18.0
2024-03-06 23:00:00,8,12,20,20.0
2024-03-07 00:00:00,10,14,24,24.0
2024-03-07 01:00:00,12,14,26,26.0
2024-03-07 02:00:00,12,18,30,30.0
2024-03-07 03:00:00,12,18,30,30.0
2024-03-07 04:00:00,12,20,32,32.0
2024-03-07 05:00:00,12,20,32,32.0
2024-03-07 06:00:00,12,20,32,32.0
2024-03-07 07:00:00,12,18,30,30.0
2024-03-07 08:00:00,8,16,24,24.0
2024-03-07 09:00:00,2,2,4,4.0
2024-03-07 10:00:00,2,18,20,20.0
2024-03-07 11:00:00,8,14,22,22.0
2024-03-07 12:00:00,26,18,44,44.0
2024-03-07 13:00:00,4,12,16,16.0
2024-03-07 14:00:00,6,8,14,14.0
2024-03-07 15:00:00,10,16,26,26.0
2024-03-07 16:00:00,8,16,24,24.0
2024-03-07 17:00:00,10,12,22,22.0
2024-03-07 18:00:00,10,14,24,24.0
2024-03-07 19:00:00,12,12,24,24.0
2024-03-07 20:00:00,0,10,10,10.0
2024-03-07 21:00:00,20,14,34,34.0
2024-03-07 22:00:00,2,16,18,18.0
2024-03-07 23:00:00,0,16,16,16.0
2024-03-08 00:00:00,2,12,14,14.0
2024-03-08 01:00:00,8,16,24,24.0
2024-03-08 02:00:00,26,22,48,48.0
2024-03-08 03:00:00,8,22,30,30.0
2024-03-08 04:00:00,10,20,30,30.0
2024-03-08 05:00:00,10,20,30,30.0
2024-03-08 06:00:00,14,20,34,34.0
2024-03-08 07:00:00,12,20,32,32.0
2024-03-08 08:00:00,0,12,12,12.0
2024-03-08 09:00:00,0,2,2,2.0
2024-03-08 10:00:00,2,10,12,12.0
2024-03-08 11:00:00,0,14,14,14.0
2024-03-08 12:00:00,0,8,8,8.0
2024-03-08 13:00:00,0,2,2,2.0
2024-03-08 14:00:00,6,10,16,16.0
2024-03-08 15:00:00,0,8,8,8.0
2024-03-08 16:00:00,2,14,16,16.0
2024-03-08 17:00:00,4,10,14,14.0
2024-03-08 18:00:00,18,14,32,32.0
2024-03-08 19:00:00,0,8,8,8.0
2024-03-08 20:00:00,2,8,10,10.0
2024-03-08 21:00:00,0,10,10,10.0
2024-03-08 22:00:00,4,6,10,10.0
2024-03-08 23:00:00,2,10,12,12.0
2024-03-09 00:00:00,0,4,4,4.0
2024-03-09 01:00:00,4,8,12,12.0
2024-03-09 02:00:00,4,8,12,12.0
2024-03-09 03:00:00,6,18,24,24.0
2024-03-09 04:00:00,6,18,24,24.0
2024-03-09 05:00:00,8,18,26,26.0
2024-03-09 06:00:00,8,18,26,26.0
2024-03-09 07:00:00,6,16,22,22.0
2024-03-09 08:00:00,6,16,22,22.0
2024-03-09 09:00:00,0,12,12,12.0
2024-03-09 10:00:00,2,14,16,16.0
2024-03-09 11:00:00,6,12,18,18.0
2024-03-09 12:00:00,2,12,14,14.0
2024-03-09 13:00:00,6,10,16,16.0
2024-03-09 14:00:00,2,14,16,16.0
2024-03-09 15:00:00,2,2,4,4.0
2024-03-09 16:00:00,8,8,16,16.0
2024-03-09 17:00:00,2,8,10,10.0
2024-03-09 18:00:00,6,4,10,10.0
2024-03-09 19:00:00,10,10,20,20.0
2024-03-09 20:00:00,24,12,36,36.0
2024-03-09 21:00:00,2,12,14,14.0
2024-03-09 22:00:00,2,12,14,14.0
2024-03-09 23:00:00,6,10,16,16.0
2024-03-10 00:00:00,22,10,32,32.0
2024-03-10 01:00:00,22,16,38,38.0
2024-03-10 02:00:00,22,16,38,38.0
2024-03-10 03:00:00,6,16,22,22.0
2024-03-10 04:00:00,4,14,18,18.0
2024-03-10 05:00:00,6,16,22,22.0
2024-03-10 06:00:00,10,16,26,26.0
2024-03-10 07:00:00,8,18,26,26.0
2024-03-10 08:00:00,2,14,16,16.0
2024-03-10 09:00:00,6,12,18,18.0
2024-03-10 10:00:00,0,14,14,14.0
2024-03-10 11:00:00,4,12,16,16.0
2024-03-10 12:00:00,0,10,10,10.0
2024-03-10 13:00:00,4,14,18,18.0
2024-03-10 14:00:00,4,14,18,18.0
2024-03-10 15:00:00,2,12,14,14.0
2024-03-10 16:00:00,4,12,16,16.0
2024-03-10 17:00:00,2,18,20,20.0
2024-03-10 18:00:00,6,14,20,20.0
2024-03-10 19:00:00,10,12,22,22.0
2024-03-10 20:00:00,4,18,22,22.0
2024-03-10 21:00:00,4,12,16,16.0
2024-03-10 22:00:00,8,10,18,18.0
2024-03-10 23:00:00,0,18,18,18.0
2024-03-11 00:00:00,4,22,26,26.0
2024-03-11 01:00:00,6,24,30,30.0
2024-03-11 02:00:00,2,20,22,22.0
2024-03-11 03:00:00,4,20,24,24.0
2024-03-11 04:00:00,6,20,26,26.0
2024-03-11 05:00:00,10,22,32,32.0
2024-03-11 06:00:00,10,20,30,30.0
2024-03-11 07:00:00,8,22,30,30.0
2024-03-11 08:00:00,2,20,22,22.0
2024-03-11 09:00:00,0,2,2,2.0
2024-03-11 10:00:00,0,0,0,0.0
2024-03-11 11:00:00,6,18,24,24.0
2024-03-11 12:00:00,8,22,30,30.0
2024-03-11 13:00:00,8,20,28,28.0
2024-03-11 14:00:00,8,18,26,26.0
2024-03-11 15:00:00,6,20,26,26.0
2024-03-11 16:00:00,6,20,26,26.0
2024-03-11 17:00:00,26,22,48,48.0
2024-03-11 18:00:00,34,24,58,58.0
2024-03-11 19:00:00,4,20,24,24.0
2024-03-11 20:00:00,4,20,24,24.0
2024-03-11 21:00:00,10,18,28,28.0
2024-03-11 22:00:00,8,18,26,26.0
2024-03-11 23:00:00,8,22,30,30.0
2024-03-12 00:00:00,8,22,30,30.0
2024-03-12 01:00:00,12,22,34,34.0
2024-03-12 02:00:00,10,22,32,32.0
2024-03-12 03:00:00,14,20,34,34.0
2024-03-12 04:00:00,14,20,34,34.0
2024-03-12 05:00:00,16,18,34,34.0
2024-03-12 06:00:00,16,18,34,34.0
2024-03-12 07:00:00,14,22,36,36.0
2024-03-12 08:00:00,22,14,36,36.0
2024-03-12 09:00:00,0,4,4,4.0
2024-03-12 10:00:00,0,8,8,8.0
2024-03-12 11:00:00,0,8,8,8.0
2024-03-12 12:00:00,0,12,12,12.0
2024-03-12 13:00:00,2,12,14,14.0
2024-03-12 14:00:00,0,8,8,8.0
2024-03-12 15:00:00,2,8,10,10.0
2024-03-12 16:00:00,2,8,10,10.0
2024-03-12 17:00:00,2,8,10,10.0
2024-03-12 18:00:00,2,10,12,12.0
2024-03-12 19:00:00,2,10,12,12.0
2024-03-12 20:00:00,0,12,12,12.0
2024-03-12 21:00:00,10,16,26,26.0
2024-03-12 22:00:00,2,12,14,14.0
2024-03-12 23:00:00,4,10,14,14.0
2024-03-13 00:00:00,2,14,16,16.0
2024-03-13 01:00:00,2,14,16,16.0
2024-03-13 02:00:00,2,14,16,16.0
2024-03-13 03:00:00,8,24,32,32.0
2024-03-13 04:00:00,8,24,32,32.0
2024-03-13 05:00:00,8,22,30,30.0
2024-03-13 06:00:00,10,22,32,32.0
2024-03-13 07:00:00,10,24,34,34.0
2024-03-13 08:00:00,6,20,26,26.0
2024-03-13 09:00:00,0,16,16,16.0
2024-03-13 10:00:00,0,2,2,2.0
2024-03-13 11:00:00,2,10,12,12.0
2024-03-13 12:00:00,4,8,12,12.0
2024-03-13 13:00:00,0,16,16,16.0
2024-03-13 14:00:00,2,12,14,14.0
2024-03-13 15:00:00,4,18,22,22.0
2024-03-13 16:00:00,6,20,26,26.0
2024-03-13 17:00:00,6,20,26,26.0
2024-03-13 18:00:00,6,18,24,24.0
2024-03-13 19:00:00,2,16,18,18.0
2024-03-13 20:00:00,2,0,2,2.0
2024-03-13 21:00:00,2,14,16,16.0
2024-03-13 22:00:00,4,16,20,20.0
2024-03-13 23:00:00,2,16,18,18.0
2024-03-14 00:00:00,2,16,18,18.0
2024-03-14 01:00:00,2,24,26,26.0
2024-03-14 02:00:00,6,20,26,26.0
2024-03-14 03:00:00,8,22,30,30.0
2024-03-14 04:00:00,10,22,32,32.0
2024-03-14 05:00:00,8,26,34,34.0
2024-03-14 06:00:00,8,24,32,32.0
2024-03-14 07:00:00,34,26,60,60.0
2024-03-14 08:00:00,4,24,28,28.0
2024-03-14 09:00:00,2,20,22,22.0
2024-03-14 10:00:00,4,4,8,8.0
2024-03-14 11:00:00,0,4,4,4.0
2024-03-14 12:00:00,4,18,22,22.0
2024-03-14 13:00:00,4,24,28,28.0
2024-03-14 14:00:00,2,24,26,26.0
2024-03-14 15:00:00,4,22,26,26.0
2024-03-14 16:00:00,2,24,26,26.0
2024-03-14 17:00:00,6,18,24,24.0
2024-03-14 18:00:00,2,18,20,20.0
2024-03-14 19:00:00,1,8,9,9.0
2024-03-14 20:00:00,2,2,4,4.0
2024-03-14 21:00:00,0,20,20,20.0
2024-03-14 22:00:00,5,10,15,15.0
2024-03-14 23:00:00,10,12,22,22.0
2024-03-15 00:00:00,0,12,12,12.0
2024-03-15 01:00:00,6,14,20,20.0
2024-03-15 02:00:00,10,16,26,26.0
2024-03-15 03:00:00,12,18,30,30.0
2024-03-15 04:00:00,12,22,34,34.0
2024-03-15 05:00:00,14,22,36,36.0
2024-03-15 06:00:00,14,22,36,36.0
2024-03-15 07:00:00,14,20,34,34.0
2024-03-15 08:00:00,1,6,7,7.0
2024-03-15 09:00:00,3,16,19,19.0
2024-03-15 10:00:00,7,8,15,15.0
2024-03-15 11:00:00,7,12,19,19.0
2024-03-15 12:00:00,3,12,15,15.0
2024-03-15 13:00:00,11,10,21,21.0
2024-03-15 14:00:00,13,2,15,15.0
2024-03-15 15:00:00,10,4,14,14.0
2024-03-15 16:00:00,11,2,13,13.0
2024-03-15 17:00:00,5,14,19,19.0
2024-03-15 18:00:00,3,18,21,21.0
2024-03-15 19:00:00,2,12,14,14.0
2024-03-15 20:00:00,3,6,9,9.0
2024-03-15 21:00:00,9,16,25,25.0
2024-03-15 22:00:00,1,10,11,11.0
2024-03-15 23:00:00,3,4,7,7.0
2024-03-16 00:00:00,7,8,15,15.0
2024-03-16 01:00:00,5,16,21,21.0
2024-03-16 02:00:00,4,8,12,12.0
2024-03-16 03:00:00,4,22,26,26.0
2024-03-16 04:00:00,13,20,33,33.0
2024-03-16 05:00:00,33,22,55,55.0
2024-03-16 06:00:00,12,20,32,32.0
2024-03-16 07:00:00,32,20,52,52.0
2024-03-16 08:00:00,11,20,31,31.0
2024-03-16 09:00:00,11,22,33,33.0
2024-03-16 10:00:00,10,20,30,30.0
2024-03-16 11:00:00,10,22,32,32.0
2024-03-16 12:00:00,3,8,11,11.0
2024-03-16 13:00:00,25,16,41,41.0
2024-03-16 14:00:00,2,8,10,10.0
2024-03-16 15:00:00,4,18,22,22.0
2024-03-16 16:00:00,9,6,15,15.0
2024-03-16 17:00:00,0,10,10,10.0
2024-03-16 18:00:00,8,8,16,16.0
2024-03-16 19:00:00,10,20,30,30.0
2024-03-16 20:00:00,10,18,28,28.0
2024-03-16 21:00:00,6,20,26,26.0
2024-03-16 22:00:00,6,16,22,22.0
2024-03-16 23:00:00,10,16,26,26.0
2024-03-17 00:00:00,4,14,18,18.0
2024-03-17 01:00:00,0,16,16,16.0
2024-03-17 02:00:00,0,18,18,18.0
2024-03-17 03:00:00,6,18,24,24.0
2024-03-17 04:00:00,11,24,35,35.0
2024-03-17 05:00:00,11,24,35,35.0
2024-03-17 06:00:00,9,22,31,31.0
2024-03-17 07:00:00,10,22,32,32.0
2024-03-17 08:00:00,11,22,33,33.0
2024-03-17 09:00:00,9,22,31,31.0
2024-03-17 10:00:00,12,22,34,34.0
2024-03-17 11:00:00,10,24,34,34.0
2024-03-17 12:00:00,6,20,26,26.0
2024-03-17 13:00:00,6,22,28,28.0
2024-03-17 14:00:00,6,18,24,24.0
2024-03-17 15:00:00,3,22,25,25.0
2024-03-17 16:00:00,9,22,31,31.0
2024-03-17 17:00:00,13,18,31,31.0
2024-03-17 18:00:00,4,18,22,22.0
2024-03-17 19:00:00,10,18,28,28.0
2024-03-17 20:00:00,19,16,35,35.0
2024-03-17 21:00:00,14,20,34,34.0
2024-03-17 22:00:00,13,10,23,23.0
2024-03-17 23:00:00,12,16,28,28.0
2024-03-18 00:00:00,17,18,35,35.0
2024-03-18 01:00:00,10,12,22,22.0
2024-03-18 02:00:00,12,18,30,30.0
2024-03-18 03:00:00,17,22,39,39.0
2024-03-18 04:00:00,41,24,65,65.0
2024-03-18 05:00:00,15,20,35,35.0
2024-03-18 06:00:00,35,22,57,57.0
2024-03-18 07:00:00,15,18,33,33.0
2024-03-18 08:00:00,1,10,11,11.0
2024-03-18 09:00:00,1,16,17,17.0
2024-03-18 10:00:00,-1,10,9,9.0
2024-03-18 11:00:00,7,22,29,29.0
2024-03-18 12:00:00,11,20,31,31.0
2024-03-18 13:00:00,11,14,25,25.0
2024-03-18 14:00:00,9,12,21,21.0
2024-03-18 15:00:00,7,18,25,25.0
2024-03-18 16:00:00,3,8,11,11.0
2024-03-18 17:00:00,3,20,23,23.0
2024-03-18 18:00:00,1,8,9,9.0
2024-03-18 19:00:00,1,2,3,3.0
2024-03-18 20:00:00,5,8,13,13.0
2024-03-18 21:00:00,11,16,27,27.0
2024-03-18 22:00:00,13,6,19,19.0
2024-03-18 23:00:00,9,12,21,21.0
2024-03-19 00:00:00,27,16,43,43.0
2024-03-19 01:00:00,17,20,37,37.0
2024-03-19 02:00:00,17,24,41,41.0
2024-03-19 03:00:00,19,24,43,43.0
2024-03-19 04:00:00,21,24,45,45.0
2024-03-19 05:00:00,21,22,43,43.0
2024-03-19 06:00:00,17,18,35,35.0
2024-03-19 07:00:00,15,22,37,37.0
2024-03-19 08:00:00,1,14,15,15.0
2024-03-19 09:00:00,3,14,17,17.0
2024-03-19 10:00:00,9,18,27,27.0
2024-03-19 11:00:00,17,22,39,39.0
2024-03-19 12:00:00,17,20,37,37.0
2024-03-19 13:00:00,17,12,29,29.0
2024-03-19 14:00:00,11,18,29,29.0
2024-03-19 15:00:00,9,18,27,27.0
2024-03-19 16:00:00,9,14,23,23.0
2024-03-19 17:00:00,19,16,35,35.0
2024-03-19 18:00:00,11,10,21,21.0
2024-03-19 19:00:00,5,10,15,15.0
2024-03-19 20:00:00,3,10,13,13.0
2024-03-19 21:00:00,9,12,21,21.0
2024-03-19 22:00:00,13,14,27,27.0
2024-03-19 23:00:00,13,14,27,27.0
2024-03-20 00:00:00,29,12,41,41.0
2024-03-20 01:00:00,17,14,31,31.0
2024-03-20 02:00:00,19,20,39,39.0
2024-03-20 03:00:00,19,20,39,39.0
2024-03-20 04:00:00,19,22,41,41.0
2024-03-20 05:00:00,19,20,39,39.0
2024-03-20 06:00:00,19,20,39,39.0
2024-03-20 07:00:00,17,18,35,35.0
2024-03-20 08:00:00,1,6,7,7.0
2024-03-20 09:00:00,1,0,1,1.0
2024-03-20 10:00:00,7,8,15,15.0
2024-03-20 11:00:00,3,16,19,19.0
2024-03-20 12:00:00,9,14,23,23.0
2024-03-20 13:00:00,1,12,13,13.0
2024-03-20 14:00:00,7,10,17,17.0
2024-03-20 15:00:00,5,14,19,19.0
2024-03-20 16:00:00,9,12,21,21.0
2024-03-20 17:00:00,5,12,17,17.0
2024-03-20 18:00:00,3,0,3,3.0
2024-03-20 19:00:00,1,8,9,9.0
2024-03-20 20:00:00,5,10,15,15.0
2024-03-20 21:00:00,3,8,11,11.0
2024-03-20 22:00:00,17,10,27,27.0
2024-03-20 23:00:00,13,8,21,21.0
2024-03-21 00:00:00,17,14,31,31.0
2024-03-21 01:00:00,17,16,33,33.0
2024-03-21 02:00:00,17,14,31,31.0
2024-03-21 03:00:00,17,12,29,29.0
2024-03-21 04:00:00,17,16,33,33.0
2024-03-21 05:00:00,15,18,33,33.0
2024-03-21 06:00:00,17,16,33,33.0
2024-03-21 07:00:00,13,14,27,27.0
2024-03-21 08:00:00,1,8,9,9.0
2024-03-21 09:00:00,-1,2,1,1.0
2024-03-21 10:00:00,13,12,25,25.0
2024-03-21 11:00:00,9,12,21,21.0
2024-03-21 12:00:00,11,12,23,23.0
2024-03-21 13:00:00,7,14,21,21.0
2024-03-21 14:00:00,9,14,23,23.0
2024-03-21 15:00:00,11,20,31,31.0
2024-03-21 16:00:00,11,14,25,25.0
2024-03-21 17:00:00,1,10,11,11.0
2024-03-21 18:00:00,1,6,7,7.0
2024-03-21 19:00:00,5,14,19,19.0
2024-03-21 20:00:00,1,10,11,11.0
2024-03-21 21:00:00,15,12,27,27.0
2024-03-21 22:00:00,7,8,15,15.0
2024-03-21 23:00:00,5,6,11,11.0
2024-03-22 00:00:00,7,10,17,17.0
2024-03-22 01:00:00,7,10,17,17.0
2024-03-22 02:00:00,11,12,23,23.0
2024-03-22 03:00:00,13,22,35,35.0
2024-03-22 04:00:00,17,22,39,39.0
2024-03-22 05:00:00,17,22,39,39.0
2024-03-22 06:00:00,15,22,37,37.0
2024-03-22 07:00:00,11,20,31,31.0
2024-03-22 08:00:00,3,8,11,11.0
2024-03-22 09:00:00,7,10,17,17.0
2024-03-22 10:00:00,5,14,19,19.0
2024-03-22 11:00:00,9,22,31,31.0
2024-03-22 12:00:00,3,18,21,21.0
2024-03-22 13:00:00,13,12,25,25.0
2024-03-22 14:00:00,1,20,21,21.0
2024-03-22 15:00:00,7,20,27,27.0
2024-03-22 16:00:00,5,18,23,23.0
2024-03-22 17:00:00,5,22,27,27.0
2024-03-22 18:00:00,3,20,23,23.0
2024-03-22 19:00:00,1,16,17,17.0
2024-03-22 20:00:00,3,16,19,19.0
2024-03-22 21:00:00,7,16,23,23.0
2024-03-22 22:00:00,1,2,3,3.0
2024-03-22 23:00:00,11,12,23,23.0
2024-03-23 00:00:00,5,16,21,21.0
2024-03-23 01:00:00,5,18,23,23.0
2024-03-23 02:00:00,11,16,27,27.0
2024-03-23 03:00:00,13,16,29,29.0
2024-03-23 04:00:00,11,18,29,29.0
2024-03-23 05:00:00,13,18,31,31.0
2024-03-23 06:00:00,11,20,31,31.0
2024-03-23 07:00:00,11,18,29,29.0
2024-03-23 08:00:00,25,18,43,43.0
2024-03-23 09:00:00,7,22,29,29.0
2024-03-23 10:00:00,9,20,29,29.0
2024-03-23 11:00:00,19,16,35,35.0
2024-03-23 12:00:00,5,10,15,15.0
2024-03-23 13:00:00,11,8,19,19.0
2024-03-23 14:00:00,11,10,21,21.0
2024-03-23 15:00:00,15,14,29,29.0
2024-03-23 16:00:00,11,20,31,31.0
2024-03-23 17:00:00,9,22,31,31.0
2024-03-23 18:00:00,5,18,23,23.0
2024-03-23 19:00:00,9,16,25,25.0
2024-03-23 20:00:00,9,18,27,27.0
2024-03-23 21:00:00,11,20,31,31.0
2024-03-23 22:00:00,11,18,29,29.0
2024-03-23 23:00:00,7,20,27,27.0
2024-03-24 00:00:00,9,20,29,29.0
2024-03-24 01:00:00,9,20,29,29.0
2024-03-24 02:00:00,13,20,33,33.0
2024-03-24 03:00:00,33,20,53,53.0
2024-03-24 04:00:00,15,22,37,37.0
2024-03-24 05:00:00,15,22,37,37.0
2024-03-24 06:00:00,15,22,37,37.0
2024-03-24 07:00:00,13,18,31,31.0
2024-03-24 08:00:00,11,18,29,29.0
2024-03-24 09:00:00,7,18,25,25.0
2024-03-24 10:00:00,7,18,25,25.0
2024-03-24 11:00:00,25,12,37,37.0
2024-03-24 12:00:00,7,14,21,21.0
2024-03-24 13:00:00,5,16,21,21.0
2024-03-24 14:00:00,3,16,19,19.0
2024-03-24 15:00:00,9,14,23,23.0
2024-03-24 16:00:00,7,16,23,23.0
2024-03-24 17:00:00,3,14,17,17.0
2024-03-24 18:00:00,5,8,13,13.0
2024-03-24 19:00:00,5,12,17,17.0
2024-03-24 20:00:00,3,12,15,15.0
2024-03-24 21:00:00,5,16,21,21.0
2024-03-24 22:00:00,3,12,15,15.0
2024-03-24 23:00:00,3,16,19,19.0
2024-03-25 00:00:00,3,16,19,19.0
2024-03-25 01:00:00,11,18,29,29.0
2024-03-25 02:00:00,13,18,31,31.0
2024-03-25 03:00:00,15,18,33,33.0
2024-03-25 04:00:00,15,18,33,33.0
2024-03-25 05:00:00,15,18,33,33.0
2024-03-25 06:00:00,13,18,31,31.0
2024-03-25 07:00:00,9,18,27,27.0
2024-03-25 08:00:00,11,10,21,21.0
2024-03-25 09:00:00,1,16,17,17.0
2024-03-25 10:00:00,3,6,9,9.0
2024-03-25 11:00:00,3,10,13,13.0
2024-03-25 12:00:00,7,14,21,21.0
2024-03-25 13:00:00,1,12,13,13.0
2024-03-25 14:00:00,1,8,9,9.0
2024-03-25 15:00:00,1,14,15,15.0
2024-03-25 16:00:00,3,14,17,17.0
2024-03-25 17:00:00,1,8,9,9.0
2024-03-25 18:00:00,7,6,13,13.0
2024-03-25 19:00:00,13,10,23,23.0
2024-03-25 20:00:00,1,12,13,13.0
2024-03-25 21:00:00,9,10,19,19.0
2024-03-25 22:00:00,9,8,17,17.0
2024-03-25 23:00:00,7,6,13,13.0
2024-03-26 00:00:00,9,8,17,17.0
2024-03-26 01:00:00,9,12,21,21.0
2024-03-26 02:00:00,11,12,23,23.0
2024-03-26 03:00:00,13,14,27,27.0
2024-03-26 04:00:00,11,14,25,25.0
2024-03-26 05:00:00,11,10,21,21.0
2024-03-26 06:00:00,11,14,25,25.0
2024-03-26 07:00:00,7,12,19,19.0
2024-03-26 08:00:00,9,2,11,11.0
2024-03-26 09:00:00,5,6,11,11.0
2024-03-26 10:00:00,17,10,27,27.0
2024-03-26 11:00:00,1,10,11,11.0
2024-03-26 12:00:00,5,6,11,11.0
2024-03-26 13:00:00,3,12,15,15.0
2024-03-26 14:00:00,5,12,17,17.0
2024-03-26 15:00:00,1,10,11,11.0
2024-03-26 16:00:00,9,8,17,17.0
2024-03-26 17:00:00,3,14,17,17.0
2024-03-26 18:00:00,1,2,3,3.0
2024-03-26 19:00:00,5,6,11,11.0
2024-03-26 20:00:00,3,6,9,9.0
2024-03-26 21:00:00,5,12,17,17.0
2024-03-26 22:00:00,3,12,15,15.0
2024-03-26 23:00:00,3,14,17,17.0
2024-03-27 00:00:00,7,16,23,23.0
2024-03-27 01:00:00,7,20,27,27.0
2024-03-27 02:00:00,9,20,29,29.0
2024-03-27 03:00:00,11,20,31,31.0
2024-03-27 04:00:00,11,20,31,31.0
2024-03-27 05:00:00,11,18,29,29.0
2024-03-27 06:00:00,11,20,31,31.0
2024-03-27 07:00:00,3,20,23,23.0
2024-03-27 08:00:00,1,0,1,1.0
2024-03-27 09:00:00,1,4,5,5.0
2024-03-27 10:00:00,1,8,9,9.0
2024-03-27 11:00:00,5,10,15,15.0
2024-03-27 12:00:00,5,20,25,25.0
2024-03-27 13:00:00,3,10,13,13.0
2024-03-27 14:00:00,3,12,15,15.0
2024-03-27 15:00:00,3,14,17,17.0
2024-03-27 16:00:00,1,14,15,15.0
2024-03-27 17:00:00,7,12,19,19.0
2024-03-27 18:00:00,3,4,7,7.0
2024-03-27 19:00:00,-1,2,1,1.0
2024-03-27 20:00:00,1,8,9,9.0
2024-03-27 21:00:00,7,12,19,19.0
2024-03-27 22:00:00,3,16,19,19.0
2024-03-27 23:00:00,5,14,19,19.0
2024-03-28 00:00:00,21,14,35,35.0
2024-03-28 01:00:00,7,14,21,21.0
2024-03-28 02:00:00,9,16,25,25.0
2024-03-28 03:00:00,9,16,25,25.0
2024-03-28 04:00:00,11,18,29,29.0
2024-03-28 05:00:00,11,18,29,29.0
2024-03-28 06:00:00,11,18,29,29.0
2024-03-28 07:00:00,1,10,11,11.0
2024-03-28 08:00:00,1,2,3,3.0
2024-03-28 09:00:00,1,0,1,1.0
2024-03-28 10:00:00,5,12,17,17.0
2024-03-28 11:00:00,3,16,19,19.0
2024-03-28 12:00:00,3,16,19,19.0
2024-03-28 13:00:00,1,14,15,15.0
2024-03-28 14:00:00,7,14,21,21.0
2024-03-28 15:00:00,7,20,27,27.0
2024-03-28 16:00:00,1,14,15,15.0
2024-03-28 17:00:00,1,16,17,17.0
2024-03-28 18:00:00,1,14,15,15.0
2024-03-28 19:00:00,1,12,13,13.0
2024-03-28 20:00:00,3,14,17,17.0
2024-03-28 21:00:00,3,10,13,13.0
2024-03-28 22:00:00,3,2,5,5.0
2024-03-28 23:00:00,5,6,11,11.0
2024-03-29 00:00:00,1,6,7,7.0
2024-03-29 01:00:00,7,16,23,23.0
2024-03-29 02:00:00,11,18,29,29.0
2024-03-29 03:00:00,13,20,33,33.0
2024-03-29 04:00:00,13,20,33,33.0
2024-03-29 05:00:00,11,22,33,33.0
2024-03-29 06:00:00,11,24,35,35.0
2024-03-29 07:00:00,5,24,29,29.0
2024-03-29 08:00:00,1,8,9,9.0
2024-03-29 09:00:00,3,6,9,9.0
2024-03-29 10:00:00,5,12,17,17.0
2024-03-29 11:00:00,5,8,13,13.0
2024-03-29 12:00:00,3,14,17,17.0
2024-03-29 13:00:00,3,14,17,17.0
2024-03-29 14:00:00,5,14,19,19.0
2024-03-29 15:00:00,3,12,15,15.0
2024-03-29 16:00:00,5,12,17,17.0
2024-03-29 17:00:00,7,6,13,13.0
2024-03-29 18:00:00,1,0,1,1.0
2024-03-29 19:00:00,3,4,7,7.0
2024-03-29 20:00:00,11,12,23,23.0
2024-03-29 21:00:00,7,10,17,17.0
2024-03-29 22:00:00,7,12,19,19.0
2024-03-29 23:00:00,5,10,15,15.0
2024-03-30 00:00:00,7,12,19,19.0
2024-03-30 01:00:00,7,12,19,19.0
2024-03-30 02:00:00,9,14,23,23.0
2024-03-30 03:00:00,9,18,27,27.0
2024-03-30 04:00:00,9,20,29,29.0
2024-03-30 05:00:00,11,20,31,31.0
2024-03-30 06:00:00,11,18,29,29.0
2024-03-30 07:00:00,7,18,25,25.0
2024-03-30 08:00:00,7,20,27,27.0
2024-03-30 09:00:00,1,14,15,15.0
2024-03-30 10:00:00,3,12,15,15.0
2024-03-30 11:00:00,19,12,31,31.0
2024-03-30 12:00:00,5,14,19,19.0
2024-03-30 13:00:00,3,16,19,19.0
2024-03-30 14:00:00,1,18,19,19.0
2024-03-30 15:00:00,11,18,29,29.0
2024-03-30 16:00:00,7,18,25,25.0
2024-03-30 17:00:00,1,16,17,17.0
2024-03-30 18:00:00,1,0,1,1.0
2024-03-30 19:00:00,3,10,13,13.0
2024-03-30 20:00:00,5,18,23,23.0
2024-03-30 21:00:00,7,12,19,19.0
2024-03-30 22:00:00,19,16,35,35.0
2024-03-30 23:00:00,3,14,17,17.0
2024-03-31 00:00:00,5,18,23,23.0
2024-03-31 01:00:00,9,18,27,27.0
2024-03-31 02:00:00,9,18,27,27.0
2024-03-31 03:00:00,9,20,29,29.0
2024-03-31 04:00:00,9,20,29,29.0
2024-03-31 05:00:00,9,20,29,29.0
2024-03-31 06:00:00,11,18,29,29.0
2024-03-31 07:00:00,9,20,29,29.0
2024-03-31 08:00:00,11,18,29,29.0
2024-03-31 09:00:00,11,18,29,29.0
2024-03-31 10:00:00,11,20,31,31.0
2024-03-31 11:00:00,9,22,31,31.0
2024-03-31 12:00:00,1,24,25,25.0
2024-03-31 13:00:00,3,24,27,27.0
2024-03-31 14:00:00,7,18,25,25.0
2024-03-31 15:00:00,1,20,21,21.0
2024-03-31 16:00:00,5,22,27,27.0
2024-03-31 17:00:00,9,24,33,33.0
2024-03-31 18:00:00,9,22,31,31.0
2024-03-31 19:00:00,13,20,33,33.0
2024-03-31 20:00:00,31,18,49,49.0
2024-03-31 21:00:00,11,24,35,35.0
2024-03-31 22:00:00,11,24,35,35.0
2024-03-31 23:00:00,7,22,29,29.0
2024-04-01 00:00:00,3,22,25,25.0
2024-04-01 01:00:00,7,24,31,31.0
2024-04-01 02:00:00,11,24,35,35.0
2024-04-01 03:00:00,11,24,35,35.0
2024-04-01 04:00:00,11,24,35,35.0
2024-04-01 05:00:00,9,24,33,33.0
2024-04-01 06:00:00,9,24,33,33.0
2024-04-01 07:00:00,7,24,31,31.0
2024-04-01 08:00:00,1,14,15,15.0
2024-04-01 09:00:00,1,10,11,11.0
2024-04-01 10:00:00,5,10,15,15.0
2024-04-01 11:00:00,5,18,23,23.0
2024-04-01 12:00:00,3,20,23,23.0
2024-04-01 13:00:00,5,18,23,23.0
2024-04-01 14:00:00,5,18,23,23.0
2024-04-01 15:00:00,3,12,15,15.0
2024-04-01 16:00:00,3,12,15,15.0
2024-04-01 17:00:00,1,8,9,9.0
2024-04-01 18:00:00,7,6,13,13.0
2024-04-01 19:00:00,1,2,3,3.0
2024-04-01 20:00:00,1,10,11,11.0
2024-04-01 21:00:00,1,10,11,11.0
2024-04-01 22:00:00,1,8,9,9.0
2024-04-01 23:00:00,3,16,19,19.0
2024-04-02 00:00:00,25,18,43,43.0
2024-04-02 01:00:00,13,18,31,31.0
2024-04-02 02:00:00,13,16,29,29.0
2024-04-02 03:00:00,15,18,33,33.0
2024-04-02 04:00:00,15,20,35,35.0
2024-04-02 05:00:00,15,20,35,35.0
2024-04-02 06:00:00,15,18,33,33.0
2024-04-02 07:00:00,5,18,23,23.0
2024-04-02 08:00:00,3,2,5,5.0
2024-04-02 09:00:00,3,2,5,5.0
2024-04-02 10:00:00,15,12,27,27.0
2024-04-02 11:00:00,11,18,29,29.0
2024-04-02 12:00:00,1,12,13,13.0
2024-04-02 13:00:00,5,10,15,15.0
2024-04-02 14:00:00,15,16,31,31.0
2024-04-02 15:00:00,13,14,27,27.0
2024-04-02 16:00:00,13,14,27,27.0
2024-04-02 17:00:00,13,10,23,23.0
2024-04-02 18:00:00,5,2,7,7.0
2024-04-02 19:00:00,7,10,17,17.0
2024-04-02 20:00:00,9,10,19,19.0
2024-04-02 21:00:00,9,12,21,21.0
2024-04-02 22:00:00,5,10,15,15.0
2024-04-02 23:00:00,3,12,15,15.0
2024-04-03 00:00:00,9,14,23,23.0
2024-04-03 01:00:00,13,16,29,29.0
2024-04-03 02:00:00,13,20,33,33.0
2024-04-03 03:00:00,15,18,33,33.0
2024-04-03 04:00:00,15,18,33,33.0
2024-04-03 05:00:00,15,20,35,35.0
2024-04-03 06:00:00,9,20,29,29.0
2024-04-03 07:00:00,9,18,27,27.0
2024-04-03 08:00:00,1,2,3,3.0
2024-04-03 09:00:00,1,0,1,1.0
2024-04-03 10:00:00,3,18,21,21.0
2024-04-03 11:00:00,1,16,17,17.0
2024-04-03 12:00:00,1,12,13,13.0
2024-04-03 13:00:00,3,12,15,15.0
2024-04-03 14:00:00,27,18,45,45.0
2024-04-03 15:00:00,13,14,27,27.0
2024-04-03 16:00:00,17,14,31,31.0
2024-04-03 17:00:00,13,22,35,35.0
2024-04-03 18:00:00,3,12,15,15.0
2024-04-03 19:00:00,1,12,13,13.0
2024-04-03 20:00:00,7,16,23,23.0
2024-04-03 21:00:00,5,16,21,21.0
2024-04-03 22:00:00,3,14,17,17.0
2024-04-03 23:00:00,7,24,31,31.0
2024-04-04 00:00:00,7,24,31,31.0
2024-04-04 01:00:00,11,24,35,35.0
2024-04-04 02:00:00,13,24,37,37.0
2024-04-04 03:00:00,13,24,37,37.0
2024-04-04 04:00:00,13,26,39,39.0
2024-04-04 05:00:00,13,26,39,39.0
2024-04-04 06:00:00,11,22,33,33.0
2024-04-04 07:00:00,11,22,33,33.0
2024-04-04 08:00:00,39,22,61,61.0
2024-04-04 09:00:00,39,26,65,65.0
2024-04-04 10:00:00,15,26,41,41.0
2024-04-04 11:00:00,17,22,39,39.0
2024-04-04 12:00:00,13,20,33,33.0
2024-04-04 13:00:00,9,20,29,29.0
2024-04-04 14:00:00,11,22,33,33.0
2024-04-04 15:00:00,9,24,33,33.0
2024-04-04 16:00:00,11,26,37,37.0
2024-04-04 17:00:00,15,26,41,41.0
2024-04-04 18:00:00,17,24,41,41.0
2024-04-04 19:00:00,15,24,39,39.0
2024-04-04 20:00:00,13,18,31,31.0
2024-04-04 21:00:00,9,14,23,23.0
2024-04-04 22:00:00,31,22,53,53.0
2024-04-04 23:00:00,1,22,23,23.0
2024-04-05 00:00:00,7,24,31,31.0
2024-04-05 01:00:00,7,24,31,31.0
2024-04-05 02:00:00,37,24,61,61.0
2024-04-05 03:00:00,35,26,61,61.0
2024-04-05 04:00:00,15,26,41,41.0
2024-04-05 05:00:00,17,26,43,43.0
2024-04-05 06:00:00,17,26,43,43.0
2024-04-05 07:00:00,15,26,41,41.0
2024-04-05 08:00:00,15,26,41,41.0
2024-04-05 09:00:00,15,24,39,39.0
2024-04-05 10:00:00,15,24,39,39.0
2024-04-05 11:00:00,13,22,35,35.0
2024-04-05 12:00:00,15,22,37,37.0
2024-04-05 13:00:00,9,22,31,31.0
2024-04-05 14:00:00,7,24,31,31.0
2024-04-05 15:00:00,7,20,27,27.0
2024-04-05 16:00:00,13,20,33,33.0
2024-04-05 17:00:00,15,22,37,37.0
2024-04-05 18:00:00,15,24,39,39.0
2024-04-05 19:00:00,13,22,35,35.0
2024-04-05 20:00:00,13,22,35,35.0
2024-04-05 21:00:00,13,20,33,33.0
2024-04-05 22:00:00,5,20,25,25.0
2024-04-05 23:00:00,3,22,25,25.0
2024-04-06 00:00:00,5,22,27,27.0
2024-04-06 01:00:00,17,22,39,39.0
2024-04-06 02:00:00,17,20,37,37.0
2024-04-06 03:00:00,15,24,39,39.0
2024-04-06 04:00:00,15,22,37,37.0
2024-04-06 05:00:00,15,22,37,37.0
2024-04-06 06:00:00,15,24,39,39.0
2024-04-06 07:00:00,15,24,39,39.0
2024-04-06 08:00:00,9,24,33,33.0
2024-04-06 09:00:00,7,20,27,27.0
2024-04-06 10:00:00,7,18,25,25.0
2024-04-06 11:00:00,11,22,33,33.0
2024-04-06 12:00:00,7,22,29,29.0
2024-04-06 13:00:00,1,20,21,21.0
2024-04-06 14:00:00,9,22,31,31.0
2024-04-06 15:00:00,9,20,29,29.0
2024-04-06 16:00:00,15,16,31,31.0
2024-04-06 17:00:00,15,18,33,33.0
2024-04-06 18:00:00,9,16,25,25.0
2024-04-06 19:00:00,11,20,31,31.0
2024-04-06 20:00:00,15,22,37,37.0
2024-04-06 21:00:00,35,20,55,55.0
2024-04-06 22:00:00,7,18,25,25.0
2024-04-06 23:00:00,11,16,27,27.0
2024-04-07 00:00:00,15,14,29,29.0
2024-04-07 01:00:00,15,22,37,37.0
2024-04-07 02:00:00,39,24,63,63.0
2024-04-07 03:00:00,15,24,39,39.0
2024-04-07 04:00:00,15,22,37,37.0
2024-04-07 05:00:00,15,20,35,35.0
2024-04-07 06:00:00,15,20,35,35.0
2024-04-07 07:00:00,13,22,35,35.0
2024-04-07 08:00:00,13,22,35,35.0
2024-04-07 09:00:00,15,24,39,39.0
2024-04-07 10:00:00,7,18,25,25.0
2024-04-07 11:00:00,7,18,25,25.0
2024-04-07 12:00:00,11,14,25,25.0
2024-04-07 13:00:00,9,20,29,29.0
2024-04-07 14:00:00,7,16,23,23.0
2024-04-07 15:00:00,9,14,23,23.0
2024-04-07 16:00:00,1,18,19,19.0
2024-04-07 17:00:00,7,20,27,27.0
2024-04-07 18:00:00,7,20,27,27.0
2024-04-07 19:00:00,13,24,37,37.0
2024-04-07 20:00:00,11,24,35,35.0
2024-04-07 21:00:00,9,22,31,31.0
2024-04-07 22:00:00,5,18,23,23.0
2024-04-07 23:00:00,7,16,23,23.0
2024-04-08 00:00:00,11,18,29,29.0
2024-04-08 01:00:00,13,18,31,31.0
2024-04-08 02:00:00,9,22,31,31.0
2024-04-08 03:00:00,11,24,35,35.0
2024-04-08 04:00:00,9,24,33,33.0
2024-04-08 05:00:00,11,24,35,35.0
2024-04-08 06:00:00,9,24,33,33.0
2024-04-08 07:00:00,3,18,21,21.0
2024-04-08 08:00:00,3,18,21,21.0
2024-04-08 09:00:00,1,12,13,13.0
2024-04-08 10:00:00,5,12,17,17.0
2024-04-08 11:00:00,3,20,23,23.0
2024-04-08 12:00:00,7,20,27,27.0
2024-04-08 13:00:00,1,22,23,23.0
2024-04-08 14:00:00,5,22,27,27.0
2024-04-08 15:00:00,1,22,23,23.0
2024-04-08 16:00:00,7,20,27,27.0
2024-04-08 17:00:00,7,20,27,27.0
2024-04-08 18:00:00,1,10,11,11.0
2024-04-08 19:00:00,7,16,23,23.0
2024-04-08 20:00:00,5,22,27,27.0
2024-04-08 21:00:00,5,20,25,25.0
2024-04-08 22:00:00,5,22,27,27.0
2024-04-08 23:00:00,33,22,55,55.0
2024-04-09 00:00:00,15,22,37,37.0
2024-04-09 01:00:00,15,22,37,37.0
2024-04-09 02:00:00,15,22,37,37.0
2024-04-09 03:00:00,15,22,37,37.0
2024-04-09 04:00:00,13,22,35,35.0
2024-04-09 05:00:00,15,22,37,37.0
2024-04-09 06:00:00,13,20,33,33.0
2024-04-09 07:00:00,9,18,27,27.0
2024-04-09 08:00:00,7,6,13,13.0
2024-04-09 09:00:00,1,6,7,7.0
2024-04-09 10:00:00,5,8,13,13.0
2024-04-09 11:00:00,9,16,25,25.0
2024-04-09 12:00:00,27,18,45,45.0
2024-04-09 13:00:00,7,14,21,21.0
2024-04-09 14:00:00,5,12,17,17.0
2024-04-09 15:00:00,1,20,21,21.0
2024-04-09 16:00:00,7,16,23,23.0
2024-04-09 17:00:00,7,20,27,27.0
2024-04-09 18:00:00,3,0,3,3.0
2024-04-09 19:00:00,1,2,3,3.0
2024-04-09 20:00:00,3,12,15,15.0
2024-04-09 21:00:00,3,14,17,17.0
2024-04-09 22:00:00,3,10,13,13.0
2024-04-09 23:00:00,1,6,7,7.0
2024-04-10 00:00:00,1,6,7,7.0
2024-04-10 01:00:00,3,8,11,11.0
2024-04-10 02:00:00,9,12,21,21.0
2024-04-10 03:00:00,9,16,25,25.0
2024-04-10 04:00:00,7,20,27,27.0
2024-04-10 05:00:00,7,20,27,27.0
2024-04-10 06:00:00,7,18,25,25.0
2024-04-10 07:00:00,1,18,19,19.0
2024-04-10 08:00:00,1,4,5,5.0
2024-04-10 09:00:00,1,10,11,11.0
2024-04-10 10:00:00,5,18,23,23.0
2024-04-10 11:00:00,1,18,19,19.0
2024-04-10 12:00:00,9,16,25,25.0
2024-04-10 13:00:00,5,20,25,25.0
2024-04-10 14:00:00,7,18,25,25.0
2024-04-10 15:00:00,5,18,23,23.0
2024-04-10 16:00:00,1,22,23,23.0
2024-04-10 17:00:00,9,22,31,31.0
2024-04-10 18:00:00,1,14,15,15.0
2024-04-10 19:00:00,1,18,19,19.0
2024-04-10 20:00:00,-1,16,15,15.0
2024-04-10 21:00:00,5,10,15,15.0
2024-04-10 22:00:00,1,12,13,13.0
2024-04-10 23:00:00,3,6,9,9.0
2024-04-11 00:00:00,5,16,21,21.0
2024-04-11 01:00:00,9,20,29,29.0
2024-04-11 02:00:00,11,22,33,33.0
2024-04-11 03:00:00,11,22,33,33.0
2024-04-11 04:00:00,11,22,33,33.0
2024-04-11 05:00:00,11,22,33,33.0
2024-04-11 06:00:00,11,22,33,33.0
2024-04-11 07:00:00,9,18,27,27.0
2024-04-11 08:00:00,11,0,11,11.0
2024-04-11 09:00:00,1,2,3,3.0
2024-04-11 10:00:00,5,16,21,21.0
2024-04-11 11:00:00,3,14,17,17.0
2024-04-11 12:00:00,7,12,19,19.0
2024-04-11 13:00:00,5,12,17,17.0
2024-04-11 14:00:00,1,18,19,19.0
2024-04-11 15:00:00,3,14,17,17.0
2024-04-11 16:00:00,1,12,13,13.0
2024-04-11 17:00:00,3,18,21,21.0
2024-04-11 18:00:00,1,8,9,9.0
2024-04-11 19:00:00,1,8,9,9.0
2024-04-11 20:00:00,7,10,17,17.0
2024-04-11 21:00:00,1,14,15,15.0
2024-04-11 22:00:00,5,8,13,13.0
2024-04-11 23:00:00,5,16,21,21.0
2024-04-12 00:00:00,9,20,29,29.0
2024-04-12 01:00:00,13,20,33,33.0
2024-04-12 02:00:00,13,22,35,35.0
2024-04-12 03:00:00,13,22,35,35.0
2024-04-12 04:00:00,15,20,35,35.0
2024-04-12 05:00:00,15,18,33,33.0
2024-04-12 06:00:00,13,22,35,35.0
2024-04-12 07:00:00,7,22,29,29.0
2024-04-12 08:00:00,3,12,15,15.0
2024-04-12 09:00:00,13,10,23,23.0
2024-04-12 10:00:00,3,16,19,19.0
2024-04-12 11:00:00,7,18,25,25.0
2024-04-12 12:00:00,3,10,13,13.0
2024-04-12 13:00:00,7,8,15,15.0
2024-04-12 14:00:00,7,14,21,21.0
2024-04-12 15:00:00,3,12,15,15.0
2024-04-12 16:00:00,5,18,23,23.0
2024-04-12 17:00:00,5,12,17,17.0
2024-04-12 18:00:00,1,4,5,5.0
2024-04-12 19:00:00,5,8,13,13.0
2024-04-12 20:00:00,1,8,9,9.0
2024-04-12 21:00:00,7,14,21,21.0
2024-04-12 22:00:00,5,14,19,19.0
2024-04-12 23:00:00,5,14,19,19.0
2024-04-13 00:00:00,7,16,23,23.0
2024-04-13 01:00:00,7,16,23,23.0
2024-04-13 02:00:00,9,20,29,29.0
2024-04-13 03:00:00,11,20,31,31.0
2024-04-13 04:00:00,11,20,31,31.0
2024-04-13 05:00:00,11,20,31,31.0
2024-04-13 06:00:00,3,16,19,19.0
2024-04-13 07:00:00,9,16,25,25.0
2024-04-13 08:00:00,9,14,23,23.0
2024-04-13 09:00:00,9,20,29,29.0
2024-04-13 10:00:00,7,14,21,21.0
2024-04-13 11:00:00,3,14,17,17.0
2024-04-13 12:00:00,3,18,21,21.0
2024-04-13 13:00:00,5,12,17,17.0
2024-04-13 14:00:00,9,14,23,23.0
2024-04-13 15:00:00,9,14,23,23.0
2024-04-13 16:00:00,5,20,25,25.0
2024-04-13 17:00:00,5,18,23,23.0
2024-04-13 18:00:00,1,16,17,17.0
2024-04-13 19:00:00,3,8,11,11.0
2024-04-13 20:00:00,5,14,19,19.0
2024-04-13 21:00:00,9,10,19,19.0
2024-04-13 22:00:00,7,12,19,19.0
2024-04-13 23:00:00,11,12,23,23.0
2024-04-14 00:00:00,9,16,25,25.0
2024-04-14 01:00:00,11,20,31,31.0
2024-04-14 02:00:00,11,20,31,31.0
2024-04-14 03:00:00,13,20,33,33.0
2024-04-14 04:00:00,13,20,33,33.0
2024-04-14 05:00:00,11,22,33,33.0
2024-04-14 06:00:00,13,22,35,35.0
2024-04-14 07:00:00,13,22,35,35.0
2024-04-14 08:00:00,7,20,27,27.0
2024-04-14 09:00:00,3,20,23,23.0
2024-04-14 10:00:00,7,22,29,29.0
2024-04-14 11:00:00,1,20,21,21.0
2024-04-14 12:00:00,5,20,25,25.0
2024-04-14 13:00:00,3,18,21,21.0
2024-04-14 14:00:00,9,20,29,29.0
2024-04-14 15:00:00,9,18,27,27.0
2024-04-14 16:00:00,11,22,33,33.0
2024-04-14 17:00:00,3,24,27,27.0
2024-04-14 18:00:00,9,24,33,33.0
2024-04-14 19:00:00,7,16,23,23.0
2024-04-14 20:00:00,9,14,23,23.0
2024-04-14 21:00:00,1,22,23,23.0
2024-04-14 22:00:00,3,14,17,17.0
2024-04-14 23:00:00,7,14,21,21.0
2024-04-15 00:00:00,7,18,25,25.0
2024-04-15 01:00:00,11,22,33,33.0
2024-04-15 02:00:00,11,22,33,33.0
2024-04-15 03:00:00,13,22,35,35.0
2024-04-15 04:00:00,11,24,35,35.0
2024-04-15 05:00:00,9,24,33,33.0
2024-04-15 06:00:00,11,24,35,35.0
2024-04-15 07:00:00,9,22,31,31.0
2024-04-15 08:00:00,3,14,17,17.0
2024-04-15 09:00:00,17,12,29,29.0
2024-04-15 10:00:00,1,16,17,17.0
2024-04-15 11:00:00,7,22,29,29.0
2024-04-15 12:00:00,7,22,29,29.0
2024-04-15 13:00:00,3,20,23,23.0
2024-04-15 14:00:00,5,20,25,25.0
2024-04-15 15:00:00,25,18,43,43.0
2024-04-15 16:00:00,3,22,25,25.0
2024-04-15 17:00:00,5,18,23,23.0
2024-04-15 18:00:00,1,12,13,13.0
2024-04-15 19:00:00,5,10,15,15.0
2024-04-15 20:00:00,1,10,11,11.0
2024-04-15 21:00:00,3,8,11,11.0
2024-04-15 22:00:00,5,8,13,13.0
2024-04-15 23:00:00,5,10,15,15.0
2024-04-16 00:00:00,7,20,27,27.0
2024-04-16 01:00:00,9,22,31,31.0
2024-04-16 02:00:00,9,20,29,29.0
2024-04-16 03:00:00,11,20,31,31.0
2024-04-16 04:00:00,11,22,33,33.0
2024-04-16 05:00:00,9,22,31,31.0
2024-04-16 06:00:00,7,22,29,29.0
2024-04-16 07:00:00,11,20,31,31.0
2024-04-16 08:00:00,3,10,13,13.0
2024-04-16 09:00:00,7,8,15,15.0
2024-04-16 10:00:00,3,12,15,15.0
2024-04-16 11:00:00,1,18,19,19.0
2024-04-16 12:00:00,1,14,15,15.0
2024-04-16 13:00:00,3,12,15,15.0
2024-04-16 14:00:00,3,12,15,15.0
2024-04-16 15:00:00,3,14,17,17.0
2024-04-16 16:00:00,9,8,17,17.0
2024-04-16 17:00:00,3,12,15,15.0
2024-04-16 18:00:00,1,6,7,7.0
2024-04-16 19:00:00,1,8,9,9.0
2024-04-16 20:00:00,5,10,15,15.0
2024-04-16 21:00:00,11,10,21,21.0
2024-04-16 22:00:00,5,10,15,15.0
2024-04-16 23:00:00,3,16,19,19.0
2024-04-17 00:00:00,5,16,21,21.0
2024-04-17 01:00:00,1,18,19,19.0
2024-04-17 02:00:00,9,20,29,29.0
2024-04-17 03:00:00,9,18,27,27.0
2024-04-17 04:00:00,11,18,29,29.0
2024-04-17 05:00:00,11,20,31,31.0
2024-04-17 06:00:00,9,14,23,23.0
2024-04-17 07:00:00,9,14,23,23.0
2024-04-17 08:00:00,3,8,11,11.0
2024-04-17 09:00:00,7,4,11,11.0
2024-04-17 10:00:00,17,10,27,27.0
2024-04-17 11:00:00,3,12,15,15.0
2024-04-17 12:00:00,3,14,17,17.0
2024-04-17 13:00:00,5,8,13,13.0
2024-04-17 14:00:00,5,16,21,21.0
2024-04-17 15:00:00,3,20,23,23.0
2024-04-17 16:00:00,1,14,15,15.0
2024-04-17 17:00:00,3,8,11,11.0
2024-04-17 18:00:00,1,8,9,9.0
2024-04-17 19:00:00,1,14,15,15.0
2024-04-17 20:00:00,1,8,9,9.0
2024-04-17 21:00:00,5,10,15,15.0
2024-04-17 22:00:00,5,14,19,19.0
2024-04-17 23:00:00,5,18,23,23.0
2024-04-18 00:00:00,9,18,27,27.0
2024-04-18 01:00:00,9,18,27,27.0
2024-04-18 02:00:00,9,18,27,27.0
2024-04-18 03:00:00,9,18,27,27.0
2024-04-18 04:00:00,29,20,49,49.0
2024-04-18 05:00:00,9,22,31,31.0
2024-04-18 06:00:00,9,22,31,31.0
2024-04-18 07:00:00,5,20,25,25.0
2024-04-18 08:00:00,1,20,21,21.0
2024-04-18 09:00:00,1,18,19,19.0
2024-04-18 10:00:00,1,12,13,13.0
2024-04-18 11:00:00,1,14,15,15.0
2024-04-18 12:00:00,1,14,15,15.0
2024-04-18 13:00:00,3,8,11,11.0
2024-04-18 14:00:00,5,18,23,23.0
2024-04-18 15:00:00,3,14,17,17.0
2024-04-18 16:00:00,5,16,21,21.0
2024-04-18 17:00:00,3,10,13,13.0
2024-04-18 18:00:00,1,12,13,13.0
2024-04-18 19:00:00,1,12,13,13.0
2024-04-18 20:00:00,3,16,19,19.0
2024-04-18 21:00:00,5,16,21,21.0
2024-04-18 22:00:00,1,10,11,11.0
2024-04-18 23:00:00,5,14,19,19.0
2024-04-19 00:00:00,5,18,23,23.0
2024-04-19 01:00:00,3,22,25,25.0
2024-04-19 02:00:00,3,20,23,23.0
2024-04-19 03:00:00,5,20,25,25.0
2024-04-19 04:00:00,7,20,27,27.0
2024-04-19 05:00:00,7,24,31,31.0
2024-04-19 06:00:00,7,22,29,29.0
2024-04-19 07:00:00,5,20,25,25.0
2024-04-19 08:00:00,1,10,11,11.0
2024-04-19 09:00:00,3,2,5,5.0
2024-04-19 10:00:00,3,4,7,7.0
2024-04-19 11:00:00,1,12,13,13.0
2024-04-19 12:00:00,5,16,21,21.0
2024-04-19 13:00:00,3,20,23,23.0
2024-04-19 14:00:00,3,18,21,21.0
2024-04-19 15:00:00,9,16,25,25.0
2024-04-19 16:00:00,3,16,19,19.0
2024-04-19 17:00:00,5,12,17,17.0
2024-04-19 18:00:00,1,12,13,13.0
2024-04-19 19:00:00,1,16,17,17.0
2024-04-19 20:00:00,1,18,19,19.0
2024-04-19 21:00:00,5,22,27,27.0
2024-04-19 22:00:00,1,12,13,13.0
2024-04-19 23:00:00,1,20,21,21.0
2024-04-20 00:00:00,3,20,23,23.0
2024-04-20 01:00:00,5,20,25,25.0
2024-04-20 02:00:00,5,22,27,27.0
2024-04-20 03:00:00,5,22,27,27.0
2024-04-20 04:00:00,11,26,37,37.0
2024-04-20 05:00:00,11,26,37,37.0
2024-04-20 06:00:00,13,22,35,35.0
2024-04-20 07:00:00,9,20,29,29.0
2024-04-20 08:00:00,9,22,31,31.0
2024-04-20 09:00:00,5,22,27,27.0
2024-04-20 10:00:00,1,20,21,21.0
2024-04-20 11:00:00,3,20,23,23.0
2024-04-20 12:00:00,1,16,17,17.0
2024-04-20 13:00:00,1,12,13,13.0
2024-04-20 14:00:00,1,18,19,19.0
2024-04-20 15:00:00,5,20,25,25.0
2024-04-20 16:00:00,27,24,51,51.0
2024-04-20 17:00:00,1,16,17,17.0
2024-04-20 18:00:00,1,12,13,13.0
2024-04-20 19:00:00,3,18,21,21.0
2024-04-20 20:00:00,7,20,27,27.0
2024-04-20 21:00:00,3,24,27,27.0
2024-04-20 22:00:00,1,20,21,21.0
2024-04-20 23:00:00,3,18,21,21.0
2024-04-21 00:00:00,3,22,25,25.0
2024-04-21 01:00:00,7,22,29,29.0
2024-04-21 02:00:00,7,26,33,33.0
2024-04-21 03:00:00,9,26,35,35.0
2024-04-21 04:00:00,37,26,63,63.0
2024-04-21 05:00:00,11,26,37,37.0
2024-04-21 06:00:00,11,26,37,37.0
2024-04-21 07:00:00,9,26,35,35.0
2024-04-21 08:00:00,9,26,35,35.0
2024-04-21 09:00:00,1,24,25,25.0
2024-04-21 10:00:00,5,22,27,27.0
2024-04-21 11:00:00,5,24,29,29.0
2024-04-21 12:00:00,5,22,27,27.0
2024-04-21 13:00:00,7,22,29,29.0
2024-04-21 14:00:00,9,20,29,29.0
2024-04-21 15:00:00,3,20,23,23.0
2024-04-21 16:00:00,5,22,27,27.0
2024-04-21 17:00:00,1,20,21,21.0
2024-04-21 18:00:00,1,20,21,21.0
2024-04-21 19:00:00,3,18,21,21.0
2024-04-21 20:00:00,3,20,23,23.0
2024-04-21 21:00:00,7,18,25,25.0
2024-04-21 22:00:00,5,16,21,21.0
2024-04-21 23:00:00,3,14,17,17.0
2024-04-22 00:00:00,3,16,19,19.0
2024-04-22 01:00:00,5,20,25,25.0
2024-04-22 02:00:00,9,22,31,31.0
2024-04-22 03:00:00,9,22,31,31.0
2024-04-22 04:00:00,9,24,33,33.0
2024-04-22 05:00:00,9,24,33,33.0
2024-04-22 06:00:00,7,24,31,31.0
2024-04-22 07:00:00,5,20,25,25.0
2024-04-22 08:00:00,3,0,3,3.0
2024-04-22 09:00:00,3,8,11,11.0
2024-04-22 10:00:00,3,6,9,9.0
2024-04-22 11:00:00,5,20,25,25.0
2024-04-22 12:00:00,5,18,23,23.0
2024-04-22 13:00:00,1,20,21,21.0
2024-04-22 14:00:00,3,18,21,21.0
2024-04-22 15:00:00,7,24,31,31.0
2024-04-22 16:00:00,1,24,25,25.0
2024-04-22 17:00:00,1,18,19,19.0
2024-04-22 18:00:00,1,14,15,15.0
2024-04-22 19:00:00,1,16,17,17.0
2024-04-22 20:00:00,5,14,19,19.0
2024-04-22 21:00:00,1,16,17,17.0
2024-04-22 22:00:00,13,10,23,23.0
2024-04-22 23:00:00,7,18,25,25.0
2024-04-23 00:00:00,9,20,29,29.0
2024-04-23 01:00:00,9,20,29,29.0
2024-04-23 02:00:00,9,22,31,31.0
2024-04-23 03:00:00,7,22,29,29.0
2024-04-23 04:00:00,7,24,31,31.0
2024-04-23 05:00:00,7,22,29,29.0
2024-04-23 06:00:00,7,24,31,31.0
2024-04-23 07:00:00,7,24,31,31.0
2024-04-23 08:00:00,3,12,15,15.0
2024-04-23 09:00:00,3,8,11,11.0
2024-04-23 10:00:00,1,14,15,15.0
2024-04-23 11:00:00,1,16,17,17.0
2024-04-23 12:00:00,3,16,19,19.0
2024-04-23 13:00:00,1,14,15,15.0
2024-04-23 14:00:00,-1,16,15,15.0
2024-04-23 15:00:00,1,14,15,15.0
2024-04-23 16:00:00,5,24,29,29.0
2024-04-23 17:00:00,1,26,27,27.0
2024-04-23 18:00:00,1,12,13,13.0
2024-04-23 19:00:00,1,8,9,9.0
2024-04-23 20:00:00,-1,22,21,21.0
2024-04-23 21:00:00,7,16,23,23.0
2024-04-23 22:00:00,5,22,27,27.0
2024-04-23 23:00:00,3,24,27,27.0
2024-04-24 00:00:00,7,26,33,33.0
2024-04-24 01:00:00,9,24,33,33.0
2024-04-24 02:00:00,11,26,37,37.0
2024-04-24 03:00:00,11,26,37,37.0
2024-04-24 04:00:00,11,26,37,37.0
2024-04-24 05:00:00,13,24,37,37.0
2024-04-24 06:00:00,13,26,39,39.0
2024-04-24 07:00:00,11,26,37,37.0
2024-04-24 08:00:00,11,24,35,35.0
2024-04-24 09:00:00,5,24,29,29.0
2024-04-24 10:00:00,3,24,27,27.0
2024-04-24 11:00:00,11,22,33,33.0
2024-04-24 12:00:00,11,20,31,31.0
2024-04-24 13:00:00,9,20,29,29.0
2024-04-24 14:00:00,5,22,27,27.0
2024-04-24 15:00:00,7,24,31,31.0
2024-04-24 16:00:00,5,18,23,23.0
2024-04-24 17:00:00,3,26,29,29.0
2024-04-24 18:00:00,5,22,27,27.0
2024-04-24 19:00:00,1,15,16,16.0
2024-04-24 20:00:00,5,19,24,24.0
2024-04-24 21:00:00,5,19,24,24.0
2024-04-24 22:00:00,9,25,34,34.0
2024-04-24 23:00:00,9,23,32,32.0
2024-04-25 00:00:00,9,20,29,29.0
2024-04-25 01:00:00,9,19,28,28.0
2024-04-25 02:00:00,29,21,50,50.0
2024-04-25 03:00:00,9,23,32,32.0
2024-04-25 04:00:00,9,25,34,34.0
2024-04-25 05:00:00,11,23,34,34.0
2024-04-25 06:00:00,9,25,34,34.0
2024-04-25 07:00:00,9,23,32,32.0
2024-04-25 08:00:00,7,15,22,22.0
2024-04-25 09:00:00,3,19,22,22.0
2024-04-25 10:00:00,3,11,14,14.0
2024-04-25 11:00:00,5,17,22,22.0
2024-04-25 12:00:00,3,23,26,26.0
2024-04-25 13:00:00,1,15,16,16.0
2024-04-25 14:00:00,3,21,24,24.0
2024-04-25 15:00:00,9,11,20,20.0
2024-04-25 16:00:00,17,19,36,36.0
2024-04-25 17:00:00,13,23,36,36.0
2024-04-25 18:00:00,17,27,44,44.0
2024-04-25 19:00:00,11,21,32,32.0
2024-04-25 20:00:00,15,19,34,34.0
2024-04-25 21:00:00,17,25,42,42.0
2024-04-25 22:00:00,15,29,44,44.0
2024-04-25 23:00:00,15,31,46,46.0
2024-04-26 00:00:00,19,29,48,48.0
2024-04-26 01:00:00,25,29,54,54.0
2024-04-26 02:00:00,25,29,54,54.0
2024-04-26 03:00:00,25,29,54,54.0
2024-04-26 04:00:00,25,29,54,54.0
2024-04-26 05:00:00,25,29,54,54.0
2024-04-26 06:00:00,25,29,54,54.0
2024-04-26 07:00:00,23,27,50,50.0
2024-04-26 08:00:00,9,23,32,32.0
2024-04-26 09:00:00,7,17,24,24.0
2024-04-26 10:00:00,25,17,42,42.0
2024-04-26 11:00:00,17,21,38,38.0
2024-04-26 12:00:00,19,21,40,40.0
2024-04-26 13:00:00,25,23,48,48.0
2024-04-26 14:00:00,23,27,50,50.0
2024-04-26 15:00:00,23,23,46,46.0
2024-04-26 16:00:00,19,27,46,46.0
2024-04-26 17:00:00,15,21,36,36.0
2024-04-26 18:00:00,9,15,24,24.0
2024-04-26 19:00:00,15,27,42,42.0
2024-04-26 20:00:00,19,29,48,48.0
2024-04-26 21:00:00,13,25,38,38.0
2024-04-26 22:00:00,5,21,26,26.0
2024-04-26 23:00:00,9,27,36,36.0
2024-04-27 00:00:00,13,29,42,42.0
2024-04-27 01:00:00,21,29,50,50.0
2024-04-27 02:00:00,21,25,46,46.0
2024-04-27 03:00:00,21,25,46,46.0
2024-04-27 04:00:00,21,27,48,48.0
2024-04-27 05:00:00,23,29,52,52.0
2024-04-27 06:00:00,25,31,56,56.0
2024-04-27 07:00:00,49,27,76,76.0
2024-04-27 08:00:00,23,23,46,46.0
2024-04-27 09:00:00,25,23,48,48.0
2024-04-27 10:00:00,19,27,46,46.0
2024-04-27 11:00:00,15,25,40,40.0
2024-04-27 12:00:00,15,25,40,40.0
2024-04-27 13:00:00,9,19,28,28.0
2024-04-27 14:00:00,7,15,22,22.0
2024-04-27 15:00:00,15,27,42,42.0
2024-04-27 16:00:00,19,25,44,44.0
2024-04-27 17:00:00,23,23,46,46.0
2024-04-27 18:00:00,13,27,40,40.0
2024-04-27 19:00:00,9,29,38,38.0
2024-04-27 20:00:00,9,27,36,36.0
2024-04-27 21:00:00,7,29,36,36.0
2024-04-27 22:00:00,7,29,36,36.0
2024-04-27 23:00:00,9,27,36,36.0
2024-04-28 00:00:00,13,29,42,42.0
2024-04-28 01:00:00,21,31,52,52.0
2024-04-28 02:00:00,21,29,50,50.0
2024-04-28 03:00:00,21,29,50,50.0
2024-04-28 04:00:00,21,31,52,52.0
2024-04-28 05:00:00,21,31,52,52.0
2024-04-28 06:00:00,21,31,52,52.0
2024-04-28 07:00:00,19,31,50,50.0
2024-04-28 08:00:00,19,31,50,50.0
2024-04-28 09:00:00,19,27,46,46.0
2024-04-28 10:00:00,15,25,40,40.0
2024-04-28 11:00:00,13,21,34,34.0
2024-04-28 12:00:00,13,23,36,36.0
2024-04-28 13:00:00,15,23,38,38.0
2024-04-28 14:00:00,21,19,40,40.0
2024-04-28 15:00:00,19,19,38,38.0
2024-04-28 16:00:00,21,25,46,46.0
2024-04-28 17:00:00,21,25,46,46.0
2024-04-28 18:00:00,21,23,44,44.0
2024-04-28 19:00:00,15,27,42,42.0
2024-04-28 20:00:00,11,27,38,38.0
2024-04-28 21:00:00,13,29,42,42.0
2024-04-28 22:00:00,7,23,30,30.0
2024-04-28 23:00:00,9,25,34,34.0
2024-04-29 00:00:00,15,27,42,42.0
2024-04-29 01:00:00,15,29,44,44.0
2024-04-29 02:00:00,21,27,48,48.0
2024-04-29 03:00:00,21,27,48,48.0
2024-04-29 04:00:00,25,29,54,54.0
2024-04-29 05:00:00,25,29,54,54.0
2024-04-29 06:00:00,25,25,50,50.0
2024-04-29 07:00:00,23,27,50,50.0
2024-04-29 08:00:00,21,9,30,30.0
2024-04-29 09:00:00,7,9,16,16.0
2024-04-29 10:00:00,9,17,26,26.0
2024-04-29 11:00:00,11,19,30,30.0
2024-04-29 12:00:00,21,23,44,44.0
2024-04-29 13:00:00,17,23,40,40.0
2024-04-29 14:00:00,13,21,34,34.0
2024-04-29 15:00:00,39,25,64,64.0
2024-04-29 16:00:00,17,29,46,46.0
2024-04-29 17:00:00,19,27,46,46.0
2024-04-29 18:00:00,9,19,28,28.0
2024-04-29 19:00:00,5,17,22,22.0
2024-04-29 20:00:00,11,19,30,30.0
2024-04-29 21:00:00,13,23,36,36.0
2024-04-29 22:00:00,11,19,30,30.0
2024-04-29 23:00:00,9,21,30,30.0
2024-04-30 00:00:00,9,21,30,30.0
2024-04-30 01:00:00,9,29,38,38.0
2024-04-30 02:00:00,17,27,44,44.0
2024-04-30 03:00:00,17,29,46,46.0
2024-04-30 04:00:00,17,29,46,46.0
2024-04-30 05:00:00,15,27,42,42.0
2024-04-30 06:00:00,15,29,44,44.0
2024-04-30 07:00:00,15,27,42,42.0
2024-04-30 08:00:00,1,15,16,16.0
2024-04-30 09:00:00,7,21,28,28.0
2024-04-30 10:00:00,5,23,28,28.0
2024-04-30 11:00:00,9,23,32,32.0
2024-04-30 12:00:00,11,21,32,32.0
2024-04-30 13:00:00,3,21,24,24.0
2024-04-30 14:00:00,13,25,38,38.0
2024-04-30 15:00:00,15,21,36,36.0
2024-04-30 16:00:00,13,21,34,34.0
2024-04-30 17:00:00,13,21,34,34.0
2024-04-30 18:00:00,5,17,22,22.0
2024-04-30 19:00:00,9,13,22,22.0
2024-04-30 20:00:00,1,17,18,18.0
2024-04-30 21:00:00,7,19,26,26.0
2024-04-30 22:00:00,3,19,22,22.0
2024-04-30 23:00:00,9,19,28,28.0
2024-05-01 00:00:00,13,23,36,36.0
2024-05-01 01:00:00,17,23,40,40.0
2024-05-01 02:00:00,17,23,40,40.0
2024-05-01 03:00:00,21,25,46,46.0
2024-05-01 04:00:00,21,25,46,46.0
2024-05-01 05:00:00,21,25,46,46.0
2024-05-01 06:00:00,21,25,46,46.0
2024-05-01 07:00:00,39,19,58,58.0
2024-05-01 08:00:00,15,21,36,36.0
2024-05-01 09:00:00,3,21,24,24.0
2024-05-01 10:00:00,15,21,36,36.0
2024-05-01 11:00:00,17,19,36,36.0
2024-05-01 12:00:00,13,15,28,28.0
2024-05-01 13:00:00,21,17,38,38.0
2024-05-01 14:00:00,15,23,38,38.0
2024-05-01 15:00:00,9,19,28,28.0
2024-05-01 16:00:00,17,23,40,40.0
2024-05-01 17:00:00,17,27,44,44.0
2024-05-01 18:00:00,13,29,42,42.0
2024-05-01 19:00:00,11,27,38,38.0
2024-05-01 20:00:00,9,25,34,34.0
2024-05-01 21:00:00,3,25,28,28.0
2024-05-01 22:00:00,7,25,32,32.0
2024-05-01 23:00:00,15,25,40,40.0
2024-05-02 00:00:00,15,27,42,42.0
2024-05-02 01:00:00,15,27,42,42.0
2024-05-02 02:00:00,17,27,44,44.0
2024-05-02 03:00:00,17,27,44,44.0
2024-05-02 04:00:00,19,29,48,48.0
2024-05-02 05:00:00,47,27,74,74.0
2024-05-02 06:00:00,21,27,48,48.0
2024-05-02 07:00:00,17,23,40,40.0
2024-05-02 08:00:00,11,21,32,32.0
2024-05-02 09:00:00,7,25,32,32.0
2024-05-02 10:00:00,3,23,26,26.0
2024-05-02 11:00:00,5,17,22,22.0
2024-05-02 12:00:00,15,17,32,32.0
2024-05-02 13:00:00,11,17,28,28.0
2024-05-02 14:00:00,15,19,34,34.0
2024-05-02 15:00:00,19,29,48,48.0
2024-05-02 16:00:00,15,27,42,42.0
2024-05-02 17:00:00,11,23,34,34.0
2024-05-02 18:00:00,7,19,26,26.0
2024-05-02 19:00:00,5,17,22,22.0
2024-05-02 20:00:00,7,19,26,26.0
2024-05-02 21:00:00,13,15,28,28.0
2024-05-02 22:00:00,11,15,26,26.0
2024-05-02 23:00:00,7,23,30,30.0
2024-05-03 00:00:00,11,19,30,30.0
2024-05-03 01:00:00,11,25,36,36.0
2024-05-03 02:00:00,15,27,42,42.0
2024-05-03 03:00:00,17,29,46,46.0
2024-05-03 04:00:00,17,27,44,44.0
2024-05-03 05:00:00,17,23,40,40.0
2024-05-03 06:00:00,15,25,40,40.0
2024-05-03 07:00:00,15,23,38,38.0
2024-05-03 08:00:00,13,19,32,32.0
2024-05-03 09:00:00,5,11,16,16.0
2024-05-03 10:00:00,-1,15,14,14.0
2024-05-03 11:00:00,9,15,24,24.0
2024-05-03 12:00:00,13,15,28,28.0
2024-05-03 13:00:00,5,21,26,26.0
2024-05-03 14:00:00,7,25,32,32.0
2024-05-03 15:00:00,13,21,34,34.0
2024-05-03 16:00:00,11,19,30,30.0
2024-05-03 17:00:00,11,15,26,26.0
2024-05-03 18:00:00,5,13,18,18.0
2024-05-03 19:00:00,3,19,22,22.0
2024-05-03 20:00:00,11,19,30,30.0
2024-05-03 21:00:00,5,21,26,26.0
2024-05-03 22:00:00,7,15,22,22.0
2024-05-03 23:00:00,5,17,22,22.0
2024-05-04 00:00:00,7,23,30,30.0
2024-05-04 01:00:00,9,27,36,36.0
2024-05-04 02:00:00,15,25,40,40.0
2024-05-04 03:00:00,17,21,38,38.0
2024-05-04 04:00:00,17,23,40,40.0
2024-05-04 05:00:00,17,25,42,42.0
2024-05-04 06:00:00,17,27,44,44.0
2024-05-04 07:00:00,13,25,38,38.0
2024-05-04 08:00:00,13,25,38,38.0
2024-05-04 09:00:00,9,25,34,34.0
2024-05-04 10:00:00,5,19,24,24.0
2024-05-04 11:00:00,9,21,30,30.0
2024-05-04 12:00:00,7,19,26,26.0
2024-05-04 13:00:00,5,21,26,26.0
2024-05-04 14:00:00,9,25,34,34.0
2024-05-04 15:00:00,7,27,34,34.0
2024-05-04 16:00:00,7,27,34,34.0
2024-05-04 17:00:00,9,25,34,34.0
2024-05-04 18:00:00,7,23,30,30.0
2024-05-04 19:00:00,1,21,22,22.0
2024-05-04 20:00:00,1,17,18,18.0
2024-05-04 21:00:00,7,17,24,24.0
2024-05-04 22:00:00,7,19,26,26.0
2024-05-04 23:00:00,5,21,26,26.0
2024-05-05 00:00:00,7,23,30,30.0
2024-05-05 01:00:00,5,25,30,30.0
2024-05-05 02:00:00,11,27,38,38.0
2024-05-05 03:00:00,13,27,40,40.0
2024-05-05 04:00:00,13,27,40,40.0
2024-05-05 05:00:00,11,25,36,36.0
2024-05-05 06:00:00,13,27,40,40.0
2024-05-05 07:00:00,13,27,40,40.0
2024-05-05 08:00:00,11,29,40,40.0
2024-05-05 09:00:00,11,29,40,40.0
2024-05-05 10:00:00,13,29,42,42.0
2024-05-05 11:00:00,11,27,38,38.0
2024-05-05 12:00:00,29,27,56,56.0
2024-05-05 13:00:00,5,27,32,32.0
2024-05-05 14:00:00,31,25,56,56.0
2024-05-05 15:00:00,7,25,32,32.0
2024-05-05 16:00:00,7,27,34,34.0
2024-05-05 17:00:00,13,27,40,40.0
2024-05-05 18:00:00,9,21,30,30.0
2024-05-05 19:00:00,9,19,28,28.0
2024-05-05 20:00:00,3,13,16,16.0
2024-05-05 21:00:00,7,21,28,28.0
2024-05-05 22:00:00,7,21,28,28.0
2024-05-05 23:00:00,7,25,32,32.0
2024-05-06 00:00:00,11,25,36,36.0
2024-05-06 01:00:00,13,27,40,40.0
2024-05-06 02:00:00,13,29,42,42.0
2024-05-06 03:00:00,13,29,42,42.0
2024-05-06 04:00:00,17,27,44,44.0
2024-05-06 05:00:00,17,27,44,44.0
2024-05-06 06:00:00,17,27,44,44.0
2024-05-06 07:00:00,1,23,24,24.0
2024-05-06 08:00:00,1,23,24,24.0
2024-05-06 09:00:00,3,15,18,18.0
2024-05-06 10:00:00,1,17,18,18.0
2024-05-06 11:00:00,7,27,34,34.0
2024-05-06 12:00:00,7,21,28,28.0
2024-05-06 13:00:00,3,19,22,22.0
2024-05-06 14:00:00,21,23,44,44.0
2024-05-06 15:00:00,23,27,50,50.0
2024-05-06 16:00:00,15,23,38,38.0
2024-05-06 17:00:00,17,15,32,32.0
2024-05-06 18:00:00,17,19,36,36.0
2024-05-06 19:00:00,11,17,28,28.0
2024-05-06 20:00:00,23,21,44,44.0
2024-05-06 21:00:00,23,21,44,44.0
2024-05-06 22:00:00,21,19,40,40.0
2024-05-06 23:00:00,13,21,34,34.0
2024-05-07 00:00:00,13,21,34,34.0
2024-05-07 01:00:00,17,21,38,38.0
2024-05-07 02:00:00,25,23,48,48.0
2024-05-07 03:00:00,27,23,50,50.0
2024-05-07 04:00:00,25,25,50,50.0
2024-05-07 05:00:00,25,25,50,50.0
2024-05-07 06:00:00,27,25,52,52.0
2024-05-07 07:00:00,21,21,42,42.0
2024-05-07 08:00:00,13,9,22,22.0
2024-05-07 09:00:00,9,15,24,24.0
2024-05-07 10:00:00,11,11,22,22.0
2024-05-07 11:00:00,9,17,26,26.0
2024-05-07 12:00:00,15,23,38,38.0
2024-05-07 13:00:00,11,25,36,36.0
2024-05-07 14:00:00,15,23,38,38.0
2024-05-07 15:00:00,15,21,36,36.0
2024-05-07 16:00:00,15,19,34,34.0
2024-05-07 17:00:00,15,21,36,36.0
2024-05-07 18:00:00,9,19,28,28.0
2024-05-07 19:00:00,17,11,28,28.0
2024-05-07 20:00:00,11,17,28,28.0
2024-05-07 21:00:00,17,21,38,38.0
2024-05-07 22:00:00,7,13,20,20.0
2024-05-07 23:00:00,5,21,26,26.0
2024-05-08 00:00:00,7,23,30,30.0
2024-05-08 01:00:00,17,25,42,42.0
2024-05-08 02:00:00,19,25,44,44.0
2024-05-08 03:00:00,21,25,46,46.0
2024-05-08 04:00:00,41,25,66,66.0
2024-05-08 05:00:00,19,23,42,42.0
2024-05-08 06:00:00,21,19,40,40.0
2024-05-08 07:00:00,23,15,38,38.0
2024-05-08 08:00:00,13,15,28,28.0
2024-05-08 09:00:00,1,21,22,22.0
2024-05-08 10:00:00,9,21,30,30.0
2024-05-08 11:00:00,5,17,22,22.0
2024-05-08 12:00:00,13,17,30,30.0
2024-05-08 13:00:00,21,19,40,40.0
2024-05-08 14:00:00,17,17,34,34.0
2024-05-08 15:00:00,35,15,50,50.0
2024-05-08 16:00:00,9,19,28,28.0
2024-05-08 17:00:00,15,21,36,36.0
2024-05-08 18:00:00,15,15,30,30.0
2024-05-08 19:00:00,11,11,22,22.0
2024-05-08 20:00:00,21,17,38,38.0
2024-05-08 21:00:00,19,21,40,40.0
2024-05-08 22:00:00,13,19,32,32.0
2024-05-08 23:00:00,11,21,32,32.0
2024-05-09 00:00:00,11,25,36,36.0
2024-05-09 01:00:00,19,27,46,46.0
2024-05-09 02:00:00,25,29,54,54.0
2024-05-09 03:00:00,25,31,56,56.0
2024-05-09 04:00:00,27,31,58,58.0
2024-05-09 05:00:00,55,31,86,86.0
2024-05-09 06:00:00,55,27,82,82.0
2024-05-09 07:00:00,25,27,52,52.0
2024-05-09 08:00:00,11,17,28,28.0
2024-05-09 09:00:00,1,15,16,16.0
2024-05-09 10:00:00,7,19,26,26.0
2024-05-09 11:00:00,13,25,38,38.0
2024-05-09 12:00:00,15,27,42,42.0
2024-05-09 13:00:00,11,25,36,36.0
2024-05-09 14:00:00,11,29,40,40.0
2024-05-09 15:00:00,19,29,48,48.0
2024-05-09 16:00:00,13,23,36,36.0
2024-05-09 17:00:00,15,25,40,40.0
2024-05-09 18:00:00,11,23,34,34.0
2024-05-09 19:00:00,5,21,26,26.0
2024-05-09 20:00:00,15,19,34,34.0
2024-05-09 21:00:00,13,21,34,34.0
2024-05-09 22:00:00,17,17,34,34.0
2024-05-09 23:00:00,17,23,40,40.0
2024-05-10 00:00:00,1,27,28,28.0
2024-05-10 01:00:00,19,23,42,42.0
2024-05-10 02:00:00,19,25,44,44.0
2024-05-10 03:00:00,23,27,50,50.0
2024-05-10 04:00:00,23,29,52,52.0
2024-05-10 05:00:00,23,27,50,50.0
2024-05-10 06:00:00,19,27,46,46.0
2024-05-10 07:00:00,17,25,42,42.0
2024-05-10 08:00:00,15,21,36,36.0
2024-05-10 09:00:00,3,19,22,22.0
2024-05-10 10:00:00,5,21,26,26.0
2024-05-10 11:00:00,9,23,32,32.0
2024-05-10 12:00:00,17,23,40,40.0
2024-05-10 13:00:00,15,29,44,44.0
2024-05-10 14:00:00,21,27,48,48.0
2024-05-10 15:00:00,23,21,44,44.0
2024-05-10 16:00:00,19,23,42,42.0
2024-05-10 17:00:00,17,25,42,42.0
2024-05-10 18:00:00,7,21,28,28.0
2024-05-10 19:00:00,13,17,30,30.0
2024-05-10 20:00:00,21,19,40,40.0
2024-05-10 21:00:00,29,21,50,50.0
2024-05-10 22:00:00,15,19,34,34.0
2024-05-10 23:00:00,11,27,38,38.0
2024-05-11 00:00:00,7,31,38,38.0
2024-05-11 01:00:00,11,27,38,38.0
2024-05-11 02:00:00,19,31,50,50.0
2024-05-11 03:00:00,21,31,52,52.0
2024-05-11 04:00:00,21,31,52,52.0
2024-05-11 05:00:00,23,29,52,52.0
2024-05-11 06:00:00,23,29,52,52.0
2024-05-11 07:00:00,17,29,46,46.0
2024-05-11 08:00:00,19,29,48,48.0
2024-05-11 09:00:00,15,23,38,38.0
2024-05-11 10:00:00,13,23,36,36.0
2024-05-11 11:00:00,11,21,32,32.0
2024-05-11 12:00:00,17,21,38,38.0
2024-05-11 13:00:00,13,15,28,28.0
2024-05-11 14:00:00,15,19,34,34.0
2024-05-11 15:00:00,17,25,42,42.0
2024-05-11 16:00:00,9,23,32,32.0
2024-05-11 17:00:00,11,23,34,34.0
2024-05-11 18:00:00,13,23,36,36.0
2024-05-11 19:00:00,11,25,36,36.0
2024-05-11 20:00:00,11,27,38,38.0
2024-05-11 21:00:00,31,27,58,58.0
2024-05-11 22:00:00,9,25,34,34.0
2024-05-11 23:00:00,11,25,36,36.0
2024-05-12 00:00:00,13,25,38,38.0
2024-05-12 01:00:00,15,25,40,40.0
2024-05-12 02:00:00,15,27,42,42.0
2024-05-12 03:00:00,17,29,46,46.0
2024-05-12 04:00:00,17,31,48,48.0
2024-05-12 05:00:00,17,31,48,48.0
2024-05-12 06:00:00,13,25,38,38.0
2024-05-12 07:00:00,13,27,40,40.0
2024-05-12 08:00:00,17,23,40,40.0
2024-05-12 09:00:00,19,25,44,44.0
2024-05-12 10:00:00,19,27,46,46.0
2024-05-12 11:00:00,17,27,44,44.0
2024-05-12 12:00:00,41,29,70,70.0
2024-05-12 13:00:00,17,31,48,48.0
2024-05-12 14:00:00,11,29,40,40.0
2024-05-12 15:00:00,19,23,42,42.0
2024-05-12 16:00:00,15,25,40,40.0
2024-05-12 17:00:00,15,29,44,44.0
2024-05-12 18:00:00,17,23,40,40.0
2024-05-12 19:00:00,19,21,40,40.0
2024-05-12 20:00:00,13,27,40,40.0
2024-05-12 21:00:00,13,27,40,40.0
2024-05-12 22:00:00,15,27,42,42.0
2024-05-12 23:00:00,17,29,46,46.0
2024-05-13 00:00:00,45,27,72,72.0
2024-05-13 01:00:00,21,29,50,50.0
2024-05-13 02:00:00,23,29,52,52.0
2024-05-13 03:00:00,51,29,80,80.0
2024-05-13 04:00:00,23,29,52,52.0
2024-05-13 05:00:00,23,27,50,50.0
2024-05-13 06:00:00,23,29,52,52.0
2024-05-13 07:00:00,21,27,48,48.0
2024-05-13 08:00:00,17,23,40,40.0
2024-05-13 09:00:00,3,27,30,30.0
2024-05-13 10:00:00,15,23,38,38.0
2024-05-13 11:00:00,13,19,32,32.0
2024-05-13 12:00:00,13,25,38,38.0
2024-05-13 13:00:00,13,27,40,40.0
2024-05-13 14:00:00,11,21,32,32.0
2024-05-13 15:00:00,11,29,40,40.0
2024-05-13 16:00:00,17,29,46,46.0
2024-05-13 17:00:00,15,25,40,40.0
2024-05-13 18:00:00,11,23,34,34.0
2024-05-13 19:00:00,3,21,24,24.0
2024-05-13 20:00:00,7,13,20,20.0
2024-05-13 21:00:00,13,17,30,30.0
2024-05-13 22:00:00,17,23,40,40.0
2024-05-13 23:00:00,17,25,42,42.0
2024-05-14 00:00:00,41,27,68,68.0
2024-05-14 01:00:00,17,29,46,46.0
2024-05-14 02:00:00,19,29,48,48.0
2024-05-14 03:00:00,21,29,50,50.0
2024-05-14 04:00:00,21,29,50,50.0
2024-05-14 05:00:00,21,29,50,50.0
2024-05-14 06:00:00,19,27,46,46.0
2024-05-14 07:00:00,13,23,36,36.0
2024-05-14 08:00:00,17,15,32,32.0
2024-05-14 09:00:00,3,19,22,22.0
2024-05-14 10:00:00,7,21,28,28.0
2024-05-14 11:00:00,9,17,26,26.0
2024-05-14 12:00:00,11,19,30,30.0
2024-05-14 13:00:00,13,21,34,34.0
2024-05-14 14:00:00,17,25,42,42.0
2024-05-14 15:00:00,11,23,34,34.0
2024-05-14 16:00:00,15,23,38,38.0
2024-05-14 17:00:00,11,27,38,38.0
2024-05-14 18:00:00,3,19,22,22.0
2024-05-14 19:00:00,7,15,22,22.0
2024-05-14 20:00:00,13,19,32,32.0
2024-05-14 21:00:00,13,19,32,32.0
2024-05-14 22:00:00,11,13,24,24.0
2024-05-14 23:00:00,13,23,36,36.0
2024-05-15 00:00:00,13,27,40,40.0
2024-05-15 01:00:00,17,27,44,44.0
2024-05-15 02:00:00,21,29,50,50.0
2024-05-15 03:00:00,21,29,50,50.0
2024-05-15 04:00:00,21,31,52,52.0
2024-05-15 05:00:00,23,29,52,52.0
2024-05-15 06:00:00,21,31,52,52.0
2024-05-15 07:00:00,21,29,50,50.0
2024-05-15 08:00:00,17,21,38,38.0
2024-05-15 09:00:00,3,17,20,20.0
2024-05-15 10:00:00,9,21,30,30.0
2024-05-15 11:00:00,37,25,62,62.0
2024-05-15 12:00:00,13,15,28,28.0
2024-05-15 13:00:00,21,23,44,44.0
2024-05-15 14:00:00,19,29,48,48.0
2024-05-15 15:00:00,23,25,48,48.0
2024-05-15 16:00:00,55,29,84,84.0
2024-05-15 17:00:00,21,31,52,52.0
2024-05-15 18:00:00,17,27,44,44.0
2024-05-15 19:00:00,11,23,34,34.0
2024-05-15 20:00:00,9,19,28,28.0
2024-05-15 21:00:00,13,23,36,36.0
2024-05-15 22:00:00,9,27,36,36.0
2024-05-15 23:00:00,7,27,34,34.0
2024-05-16 00:00:00,19,29,48,48.0
2024-05-16 01:00:00,21,27,48,48.0
2024-05-16 02:00:00,23,29,52,52.0
2024-05-16 03:00:00,23,33,56,56.0
2024-05-16 04:00:00,23,33,56,56.0
2024-05-16 05:00:00,23,31,54,54.0
2024-05-16 06:00:00,23,33,56,56.0
2024-05-16 07:00:00,19,33,52,52.0
2024-05-16 08:00:00,13,21,34,34.0
2024-05-16 09:00:00,3,13,16,16.0
2024-05-16 10:00:00,7,23,30,30.0
2024-05-16 11:00:00,11,21,32,32.0
2024-05-16 12:00:00,31,29,60,60.0
2024-05-16 13:00:00,17,31,48,48.0
2024-05-16 14:00:00,19,31,50,50.0
2024-05-16 15:00:00,17,27,44,44.0
2024-05-16 16:00:00,19,31,50,50.0
2024-05-16 17:00:00,23,27,50,50.0
2024-05-16 18:00:00,11,29,40,40.0
2024-05-16 19:00:00,3,23,26,26.0
2024-05-16 20:00:00,11,15,26,26.0
2024-05-16 21:00:00,13,13,26,26.0
2024-05-16 22:00:00,15,25,40,40.0
2024-05-16 23:00:00,19,23,42,42.0
2024-05-17 00:00:00,23,31,54,54.0
2024-05-17 01:00:00,21,27,48,48.0
2024-05-17 02:00:00,23,31,54,54.0
2024-05-17 03:00:00,25,31,56,56.0
2024-05-17 04:00:00,25,29,54,54.0
2024-05-17 05:00:00,25,29,54,54.0
2024-05-17 06:00:00,25,29,54,54.0
2024-05-17 07:00:00,23,29,52,52.0
2024-05-17 08:00:00,23,19,42,42.0
2024-05-17 09:00:00,33,13,46,46.0
2024-05-17 10:00:00,15,15,30,30.0
2024-05-17 11:00:00,5,17,22,22.0
2024-05-17 12:00:00,9,21,30,30.0
2024-05-17 13:00:00,11,19,30,30.0
2024-05-17 14:00:00,19,19,38,38.0
2024-05-17 15:00:00,23,27,50,50.0
2024-05-17 16:00:00,29,25,54,54.0
2024-05-17 17:00:00,29,29,58,58.0
2024-05-17 18:00:00,25,25,50,50.0
2024-05-17 19:00:00,25,13,38,38.0
2024-05-17 20:00:00,17,9,26,26.0
2024-05-17 21:00:00,17,15,32,32.0
2024-05-17 22:00:00,27,9,36,36.0
2024-05-17 23:00:00,25,15,40,40.0
2024-05-18 00:00:00,25,17,42,42.0
2024-05-18 01:00:00,25,29,54,54.0
2024-05-18 02:00:00,25,31,56,56.0
2024-05-18 03:00:00,33,29,62,62.0
2024-05-18 04:00:00,33,29,62,62.0
2024-05-18 05:00:00,33,29,62,62.0
2024-05-18 06:00:00,33,27,60,60.0
2024-05-18 07:00:00,33,27,60,60.0
2024-05-18 08:00:00,31,25,56,56.0
2024-05-18 09:00:00,29,19,48,48.0
2024-05-18 10:00:00,23,19,42,42.0
2024-05-18 11:00:00,17,23,40,40.0
2024-05-18 12:00:00,23,19,42,42.0
2024-05-18 13:00:00,19,25,44,44.0
2024-05-18 14:00:00,15,25,40,40.0
2024-05-18 15:00:00,19,27,46,46.0
2024-05-18 16:00:00,25,31,56,56.0
2024-05-18 17:00:00,21,29,50,50.0
2024-05-18 18:00:00,15,25,40,40.0
2024-05-18 19:00:00,11,21,32,32.0
2024-05-18 20:00:00,15,19,34,34.0
2024-05-18 21:00:00,13,31,44,44.0
2024-05-18 22:00:00,17,33,50,50.0
2024-05-18 23:00:00,17,27,44,44.0
2024-05-19 00:00:00,17,29,46,46.0
2024-05-19 01:00:00,19,29,48,48.0
2024-05-19 02:00:00,49,31,80,80.0
2024-05-19 03:00:00,17,31,48,48.0
2024-05-19 04:00:00,25,29,54,54.0
2024-05-19 05:00:00,57,31,88,88.0
2024-05-19 06:00:00,23,31,54,54.0
2024-05-19 07:00:00,23,33,56,56.0
2024-05-19 08:00:00,25,31,56,56.0
2024-05-19 09:00:00,21,31,52,52.0
2024-05-19 10:00:00,17,31,48,48.0
2024-05-19 11:00:00,17,31,48,48.0
2024-05-19 12:00:00,19,29,48,48.0
2024-05-19 13:00:00,19,31,50,50.0
2024-05-19 14:00:00,17,31,48,48.0
2024-05-19 15:00:00,19,27,46,46.0
2024-05-19 16:00:00,21,25,46,46.0
2024-05-19 17:00:00,19,21,40,40.0
2024-05-19 18:00:00,11,25,36,36.0
2024-05-19 19:00:00,15,21,36,36.0
2024-05-19 20:00:00,17,21,38,38.0
2024-05-19 21:00:00,17,23,40,40.0
2024-05-19 22:00:00,13,25,38,38.0
2024-05-19 23:00:00,13,25,38,38.0
2024-05-20 00:00:00,15,29,44,44.0
2024-05-20 01:00:00,17,29,46,46.0
2024-05-20 02:00:00,17,27,44,44.0
2024-05-20 03:00:00,19,29,48,48.0
2024-05-20 04:00:00,19,31,50,50.0
2024-05-20 05:00:00,19,31,50,50.0
2024-05-20 06:00:00,15,29,44,44.0
2024-05-20 07:00:00,19,29,48,48.0
2024-05-20 08:00:00,13,27,40,40.0
2024-05-20 09:00:00,17,27,44,44.0
2024-05-20 10:00:00,7,21,28,28.0
2024-05-20 11:00:00,13,21,34,34.0
2024-05-20 12:00:00,17,25,42,42.0
2024-05-20 13:00:00,25,19,44,44.0
2024-05-20 14:00:00,7,17,24,24.0
2024-05-20 15:00:00,7,25,32,32.0
2024-05-20 16:00:00,9,27,36,36.0
2024-05-20 17:00:00,13,27,40,40.0
2024-05-20 18:00:00,11,27,38,38.0
2024-05-20 19:00:00,7,19,26,26.0
2024-05-20 20:00:00,9,17,26,26.0
2024-05-20 21:00:00,13,21,34,34.0
2024-05-20 22:00:00,11,23,34,34.0
2024-05-20 23:00:00,9,29,38,38.0
2024-05-21 00:00:00,15,27,42,42.0
2024-05-21 01:00:00,15,29,44,44.0
2024-05-21 02:00:00,19,31,50,50.0
2024-05-21 03:00:00,21,29,50,50.0
2024-05-21 04:00:00,21,29,50,50.0
2024-05-21 05:00:00,21,31,52,52.0
2024-05-21 06:00:00,19,27,46,46.0
2024-05-21 07:00:00,19,27,46,46.0
2024-05-21 08:00:00,17,29,46,46.0
2024-05-21 09:00:00,19,15,34,34.0
2024-05-21 10:00:00,9,23,32,32.0
2024-05-21 11:00:00,11,19,30,30.0
2024-05-21 12:00:00,15,27,42,42.0
2024-05-21 13:00:00,13,27,40,40.0
2024-05-21 14:00:00,13,27,40,40.0
2024-05-21 15:00:00,11,29,40,40.0
2024-05-21 16:00:00,13,31,44,44.0
2024-05-21 17:00:00,15,25,40,40.0
2024-05-21 18:00:00,21,23,44,44.0
2024-05-21 19:00:00,21,25,46,46.0
2024-05-21 20:00:00,11,19,30,30.0
2024-05-21 21:00:00,3,11,14,14.0
2024-05-21 22:00:00,27,13,40,40.0
2024-05-21 23:00:00,15,19,34,34.0
2024-05-22 00:00:00,15,19,34,34.0
2024-05-22 01:00:00,17,19,36,36.0
2024-05-22 02:00:00,21,23,44,44.0
2024-05-22 03:00:00,23,29,52,52.0
2024-05-22 04:00:00,25,29,54,54.0
2024-05-22 05:00:00,25,29,54,54.0
2024-05-22 06:00:00,25,29,54,54.0
2024-05-22 07:00:00,27,27,54,54.0
2024-05-22 08:00:00,27,27,54,54.0
2024-05-22 09:00:00,13,15,28,28.0
2024-05-22 10:00:00,11,11,22,22.0
2024-05-22 11:00:00,21,19,40,40.0
2024-05-22 12:00:00,21,25,46,46.0
2024-05-22 13:00:00,23,25,48,48.0
2024-05-22 14:00:00,23,15,38,38.0
2024-05-22 15:00:00,17,19,36,36.0
2024-05-22 16:00:00,21,25,46,46.0
2024-05-22 17:00:00,25,25,50,50.0
2024-05-22 18:00:00,25,19,44,44.0
2024-05-22 19:00:00,13,19,32,32.0
2024-05-22 20:00:00,9,11,20,20.0
2024-05-22 21:00:00,15,17,32,32.0
2024-05-22 22:00:00,15,17,32,32.0
2024-05-22 23:00:00,11,29,40,40.0
2024-05-23 00:00:00,19,29,48,48.0
2024-05-23 01:00:00,19,29,48,48.0
2024-05-23 02:00:00,23,31,54,54.0
2024-05-23 03:00:00,25,31,56,56.0
2024-05-23 04:00:00,27,31,58,58.0
2024-05-23 05:00:00,27,31,58,58.0
2024-05-23 06:00:00,27,31,58,58.0
2024-05-23 07:00:00,19,29,48,48.0
2024-05-23 08:00:00,13,27,40,40.0
2024-05-23 09:00:00,11,19,30,30.0
2024-05-23 10:00:00,13,17,30,30.0
2024-05-23 11:00:00,21,17,38,38.0
2024-05-23 12:00:00,13,23,36,36.0
2024-05-23 13:00:00,15,27,42,42.0
2024-05-23 14:00:00,11,19,30,30.0
2024-05-23 15:00:00,19,23,42,42.0
2024-05-23 16:00:00,21,31,52,52.0
2024-05-23 17:00:00,19,29,48,48.0
2024-05-23 18:00:00,15,25,40,40.0
2024-05-23 19:00:00,3,25,28,28.0
2024-05-23 20:00:00,7,19,26,26.0
2024-05-23 21:00:00,13,19,32,32.0
2024-05-23 22:00:00,19,21,40,40.0
2024-05-23 23:00:00,19,25,44,44.0
2024-05-24 00:00:00,17,23,40,40.0
2024-05-24 01:00:00,19,29,48,48.0
2024-05-24 02:00:00,21,29,50,50.0
2024-05-24 03:00:00,25,29,54,54.0
2024-05-24 04:00:00,25,29,54,54.0
2024-05-24 05:00:00,27,25,52,52.0
2024-05-24 06:00:00,29,29,58,58.0
2024-05-24 07:00:00,27,25,52,52.0
2024-05-24 08:00:00,19,29,48,48.0
2024-05-24 09:00:00,19,25,44,44.0
2024-05-24 10:00:00,17,25,42,42.0
2024-05-24 11:00:00,17,21,38,38.0
2024-05-24 12:00:00,19,23,42,42.0
2024-05-24 13:00:00,17,27,44,44.0
2024-05-24 14:00:00,19,27,46,46.0
2024-05-24 15:00:00,17,29,46,46.0
2024-05-24 16:00:00,25,29,54,54.0
2024-05-24 17:00:00,23,27,50,50.0
2024-05-24 18:00:00,21,25,46,46.0
2024-05-24 19:00:00,19,25,44,44.0
2024-05-24 20:00:00,11,21,32,32.0
2024-05-24 21:00:00,19,17,36,36.0
2024-05-24 22:00:00,23,21,44,44.0
2024-05-24 23:00:00,13,23,36,36.0
2024-05-25 00:00:00,15,23,38,38.0
2024-05-25 01:00:00,15,29,44,44.0
2024-05-25 02:00:00,21,31,52,52.0
2024-05-25 03:00:00,25,31,56,56.0
2024-05-25 04:00:00,25,31,56,56.0
2024-05-25 05:00:00,25,31,56,56.0
2024-05-25 06:00:00,19,29,48,48.0
2024-05-25 07:00:00,19,29,48,48.0
2024-05-25 08:00:00,23,29,52,52.0
2024-05-25 09:00:00,17,31,48,48.0
2024-05-25 10:00:00,19,27,46,46.0
2024-05-25 11:00:00,19,31,50,50.0
2024-05-25 12:00:00,19,31,50,50.0
2024-05-25 13:00:00,21,29,50,50.0
2024-05-25 14:00:00,23,21,44,44.0
2024-05-25 15:00:00,17,17,34,34.0
2024-05-25 16:00:00,21,21,42,42.0
2024-05-25 17:00:00,23,21,44,44.0
2024-05-25 18:00:00,17,23,40,40.0
2024-05-25 19:00:00,13,19,32,32.0
2024-05-25 20:00:00,41,25,66,66.0
2024-05-25 21:00:00,21,23,44,44.0
2024-05-25 22:00:00,19,27,46,46.0
2024-05-25 23:00:00,17,25,42,42.0
2024-05-26 00:00:00,21,27,48,48.0
2024-05-26 01:00:00,23,27,50,50.0
2024-05-26 02:00:00,27,31,58,58.0
2024-05-26 03:00:00,27,31,58,58.0
2024-05-26 04:00:00,27,31,58,58.0
2024-05-26 05:00:00,27,31,58,58.0
2024-05-26 06:00:00,29,31,60,60.0
2024-05-26 07:00:00,57,31,88,88.0
2024-05-26 08:00:00,23,31,54,54.0
2024-05-26 09:00:00,51,29,80,80.0
2024-05-26 10:00:00,19,25,44,44.0
2024-05-26 11:00:00,15,21,36,36.0
2024-05-26 12:00:00,21,19,40,40.0
2024-05-26 13:00:00,25,15,40,40.0
2024-05-26 14:00:00,27,23,50,50.0
2024-05-26 15:00:00,23,23,46,46.0
2024-05-26 16:00:00,25,27,52,52.0
2024-05-26 17:00:00,21,29,50,50.0
2024-05-26 18:00:00,25,29,54,54.0
2024-05-26 19:00:00,23,27,50,50.0
2024-05-26 20:00:00,21,27,48,48.0
2024-05-26 21:00:00,31,25,56,56.0
2024-05-26 22:00:00,27,29,56,56.0
2024-05-26 23:00:00,27,29,56,56.0
2024-05-27 00:00:00,43,25,68,68.0
2024-05-27 01:00:00,25,29,54,54.0
2024-05-27 02:00:00,25,29,54,54.0
2024-05-27 03:00:00,33,29,62,62.0
2024-05-27 04:00:00,33,29,62,62.0
2024-05-27 05:00:00,33,27,60,60.0
2024-05-27 06:00:00,33,27,60,60.0
2024-05-27 07:00:00,25,29,54,54.0
2024-05-27 08:00:00,25,25,50,50.0
2024-05-27 09:00:00,13,25,38,38.0
2024-05-27 10:00:00,17,25,42,42.0
2024-05-27 11:00:00,25,23,48,48.0
2024-05-27 12:00:00,25,27,52,52.0
2024-05-27 13:00:00,45,25,70,70.0
2024-05-27 14:00:00,25,27,52,52.0
2024-05-27 15:00:00,29,29,58,58.0
2024-05-27 16:00:00,23,27,50,50.0
2024-05-27 17:00:00,21,29,50,50.0
2024-05-27 18:00:00,19,27,46,46.0
2024-05-27 19:00:00,13,27,40,40.0
2024-05-27 20:00:00,21,23,44,44.0
2024-05-27 21:00:00,25,23,48,48.0
2024-05-27 22:00:00,23,27,50,50.0
2024-05-27 23:00:00,21,27,48,48.0
2024-05-28 00:00:00,25,27,52,52.0
2024-05-28 01:00:00,27,25,52,52.0
2024-05-28 02:00:00,33,31,64,64.0
2024-05-28 03:00:00,33,31,64,64.0
2024-05-28 04:00:00,33,31,64,64.0
2024-05-28 05:00:00,33,27,60,60.0
2024-05-28 06:00:00,31,29,60,60.0
2024-05-28 07:00:00,21,31,52,52.0
2024-05-28 08:00:00,23,27,50,50.0
2024-05-28 09:00:00,23,27,50,50.0
2024-05-28 10:00:00,27,25,52,52.0
2024-05-28 11:00:00,19,29,48,48.0
2024-05-28 12:00:00,19,29,48,48.0
2024-05-28 13:00:00,25,27,52,52.0
2024-05-28 14:00:00,47,25,72,72.0
2024-05-28 15:00:00,23,29,52,52.0
2024-05-28 16:00:00,25,25,50,50.0
2024-05-28 17:00:00,19,27,46,46.0
2024-05-28 18:00:00,23,21,44,44.0
2024-05-28 19:00:00,23,21,44,44.0
2024-05-28 20:00:00,19,23,42,42.0
2024-05-28 21:00:00,19,23,42,42.0
2024-05-28 22:00:00,15,25,40,40.0
2024-05-28 23:00:00,11,21,32,32.0
2024-05-29 00:00:00,19,21,40,40.0
2024-05-29 01:00:00,25,27,52,52.0
2024-05-29 02:00:00,53,25,78,78.0
2024-05-29 03:00:00,29,25,54,54.0
2024-05-29 04:00:00,29,31,60,60.0
2024-05-29 05:00:00,29,29,58,58.0
2024-05-29 06:00:00,29,27,56,56.0
2024-05-29 07:00:00,21,29,50,50.0
2024-05-29 08:00:00,15,15,30,30.0
2024-05-29 09:00:00,9,17,26,26.0
2024-05-29 10:00:00,21,21,42,42.0
2024-05-29 11:00:00,17,17,34,34.0
2024-05-29 12:00:00,19,21,40,40.0
2024-05-29 13:00:00,45,19,64,64.0
2024-05-29 14:00:00,23,21,44,44.0
2024-05-29 15:00:00,23,23,46,46.0
2024-05-29 16:00:00,23,23,46,46.0
2024-05-29 17:00:00,33,19,52,52.0
2024-05-29 18:00:00,33,19,52,52.0
2024-05-29 19:00:00,11,19,30,30.0
2024-05-29 20:00:00,11,15,26,26.0
2024-05-29 21:00:00,11,15,26,26.0
2024-05-29 22:00:00,25,21,46,46.0
2024-05-29 23:00:00,25,21,46,46.0
